1 2 3 4 5 6 7 8 9 10 11 12
-36 -29 45 19 14 2 23 -43 25 -48 33 -13
-4 -7 3 9 1 7 5 -6 1 -7 -1 -2
-8 -14 6 18 2 14 10 -12 2 -14 9 -4
-12 -21 9 27 3 21 15 -18 3 -21 18 -1
-16 -28 12 36 4 -1 20 -24 4 -28 27 -6
-20 -35 -1 45 5 28 -1 -30 -1 -35 36 -8
-24 -42 15 54 6 35 25 -36 5 -42 45 -10
-28 -49 18 63 -1 42 -1 -42 6 -49 54 -12
-32 -56 21 72 7 49 30 -48 7 -56 63 -14
-36 -63 24 81 8 56 35 -54 -1 -63 72 -1
-40 -70 27 90 9 63 40 -1 8 -70 81 -16
-44 -77 30 99 10 70 45 -60 -1 -77 90 -1
-48 -84 33 108 11 77 50 -66 9 -84 99 -18
-52 -91 36 117 12 84 55 -72 10 -91 108 -20
-56 -98 39 126 13 91 60 -1 11 -98 117 -1
-60 -105 42 135 14 98 65 -78 12 -105 126 -22
-64 -112 45 144 15 105 70 -84 -1 -112 135 -24
-68 -119 48 153 16 112 75 -90 13 -119 144 -26
-72 -126 51 162 17 119 80 -96 14 -126 153 -28
-76 -133 54 171 18 126 85 -102 15 -133 162 -30
-80 -140 57 180 19 133 90 -108 16 -140 171 -32
-84 -147 60 189 20 140 95 -114 17 -147 180 -34
-88 -154 63 -1 21 147 100 -120 18 -154 189 -36
-92 -161 66 198 22 154 105 -126 19 -161 198 -38
-96 -168 69 207 23 161 110 -132 20 -168 207 -1
-100 -175 72 216 24 168 115 -138 21 -175 216 -40
-104 -182 75 225 25 175 120 -144 22 -182 -1 -42
-108 -189 78 234 26 182 125 -150 23 -189 225 -44
-112 -196 81 243 27 189 130 -156 24 -1 -1 -46
-116 -203 84 252 28 196 135 -162 25 -196 234 -48
-120 -210 87 261 29 203 140 -168 26 -203 243 -50
-124 -217 90 270 30 210 145 -174 27 -210 252 -1
-128 -224 93 279 31 217 150 -180 28 -217 261 -1
-132 -231 96 288 32 224 155 -186 29 -224 270 -52
-136 -238 99 297 33 231 160 -192 30 -1 279 -54
-140 -245 102 306 34 238 165 -198 31 -231 288 -56
-144 -252 105 315 35 245 170 -204 32 -238 297 -58
-148 -259 108 324 36 252 175 -210 33 -245 306 -60
-152 -266 111 333 37 259 180 -216 34 -252 315 -62
-156 -273 114 342 38 266 185 -222 35 -259 324 -64
-160 -280 117 351 39 273 190 -228 36 -266 333 -1
-164 -287 120 360 40 280 195 -234 37 -273 342 -66
-168 -294 123 369 41 287 200 -240 38 -1 351 -68
-172 -301 126 378 42 294 205 -246 39 -280 360 -70
-176 -308 129 387 43 301 210 -252 40 -287 369 -72
-180 -315 132 396 44 308 215 -258 41 -1 378 -74
-184 -322 135 405 -1 -1 220 -264 42 -294 387 -1
-188 -329 138 414 45 315 -1 -270 43 -301 396 -76
-192 -336 141 423 46 322 225 -276 -1 -308 -1 -1
-196 -343 144 432 47 329 230 -1 44 -315 405 -78
-200 -350 147 441 48 336 235 -282 45 -322 414 -80
-204 -357 150 450 49 343 240 -1 46 -329 423 -82
-208 -364 153 459 50 350 245 -1 -1 -1 432 -84
-212 -371 156 468 -1 357 250 -288 47 -336 -1 -86
-216 -378 159 477 51 364 255 -294 48 -343 441 -88
-220 -385 162 486 52 371 260 -300 49 -350 -1 -90
-224 -392 165 495 53 378 265 -306 50 -357 450 -92
-228 -399 168 504 54 385 270 -312 51 -364 459 -94
-232 -406 171 513 55 392 275 -318 52 -371 -1 -96
-236 -413 174 522 56 399 280 -324 53 -378 468 -98
-240 -420 177 531 57 406 285 -330 54 -1 477 -1
-244 -427 180 540 58 413 290 -336 -1 -1 486 -100
-248 -434 183 549 59 420 295 -342 55 -385 495 -102
-252 -441 186 558 60 427 300 -348 56 -392 504 -104
-256 -448 189 567 61 -1 305 -354 57 -1 513 -1
-260 -455 192 576 62 434 310 -360 58 -399 522 -106
-264 -462 195 585 63 441 315 -366 59 -406 531 -108
-268 -469 198 594 64 448 320 -1 60 -413 540 -1
-272 -476 201 603 65 455 325 -372 61 -1 549 -110
-276 -483 204 612 66 462 330 -378 62 -420 558 -112
-280 -490 207 621 67 469 335 -384 63 -427 567 -1
-284 -497 210 630 68 476 340 -390 64 -1 -1 -1
-288 -504 213 639 69 483 -1 -396 65 -1 576 -114
-292 -511 216 648 70 490 345 -402 66 -434 585 -116
-296 -518 219 657 71 497 350 -408 67 -441 594 -118
-300 -525 222 666 -1 504 355 -414 68 -448 603 -120
-304 -532 225 675 72 511 360 -420 69 -455 612 -122
-308 -539 228 684 73 518 365 -426 70 -462 621 -124
-312 -546 231 693 74 525 370 -432 71 -469 630 -126
-316 -553 234 702 75 532 -1 -438 72 -476 639 -1
-320 -560 237 711 76 539 375 -444 73 -483 648 -128
-324 -567 240 720 77 546 380 -450 74 -490 657 -130
-328 -574 243 729 78 -1 385 -456 75 -497 666 -132
-332 -581 246 738 -1 553 390 -462 76 -504 675 -134
-336 -588 249 747 79 560 395 -468 77 -511 -1 -136
-340 -595 252 756 80 567 400 -474 78 -518 684 -138
-344 -602 255 765 -1 574 405 -480 79 -525 693 -140
-348 -609 258 774 81 -1 410 -486 80 -532 702 -142
-352 -1 261 783 82 581 415 -492 81 -539 711 -144
-356 -616 264 792 83 588 420 -498 82 -546 720 -146
-360 -623 267 801 84 595 425 -504 83 -553 729 -148
-364 -630 270 810 85 602 430 -510 84 -560 -1 -150
-368 -637 273 819 86 609 435 -516 85 -567 738 -152
-372 -644 276 828 87 616 440 -522 -1 -574 747 -154
-376 -651 279 837 88 623 445 -528 86 -581 756 -156
-380 -658 282 846 89 630 450 -534 87 -588 765 -158
-384 -665 285 855 90 -1 455 -540 88 -595 -1 -160
-388 -672 288 864 91 637 460 -546 89 -602 -1 -162
-392 -679 291 873 92 644 465 -552 90 -609 774 -164
-396 -686 294 882 93 651 470 -558 91 -616 783 -166
-400 -693 297 891 94 658 475 -564 92 -623 792 -168
-404 -700 300 900 95 665 480 -570 93 -630 801 -170
-408 -707 303 909 96 672 485 -576 94 -637 810 -172
-412 -714 306 918 97 679 490 -582 95 -644 -1 -174
-416 -721 309 927 98 686 495 -588 96 -651 819 -176
-420 -728 312 936 99 693 500 -594 97 -658 828 -178
-424 -735 315 945 100 700 505 -600 98 -665 837 -180
-428 -742 318 954 101 707 510 -606 99 -672 846 -182
-432 -749 321 963 102 714 515 -1 100 -679 855 -184
-436 -756 324 972 -1 721 -1 -612 101 -686 864 -186
-440 -763 327 -1 103 728 520 -618 -1 -693 873 -188
-444 -770 330 981 104 735 525 -624 102 -700 882 -190
-448 -777 333 990 105 742 530 -630 103 -707 891 -1
-452 -784 336 999 106 749 535 -636 104 -714 900 -192
-456 -791 339 1008 107 -1 540 -1 105 -721 909 -194
-460 -798 342 1017 108 756 545 -642 106 -728 918 -196
-464 -1 345 1026 109 763 550 -648 107 -735 927 -198
-468 -805 348 1035 110 770 555 -654 108 -742 936 -200
-472 -812 351 1044 111 777 560 -660 109 -749 945 -202
-476 -819 354 1053 112 784 565 -666 110 -756 954 -204
-480 -826 357 1062 113 791 -1 -672 111 -1 963 -206
-484 -833 360 1071 114 798 570 -678 112 -763 972 -208
-488 -840 363 1080 115 805 575 -684 -1 -770 981 -210
-492 -847 366 1089 116 812 580 -690 -1 -1 990 -1
-496 -854 369 1098 117 819 585 -1 113 -777 999 -212
-500 -861 372 1107 118 826 590 -696 114 -784 1008 -214
-504 -868 375 1116 119 833 595 -702 115 -791 1017 -216
-508 -875 378 1125 120 840 600 -708 116 -798 1026 -218
-512 -882 381 1134 121 847 605 -1 117 -1 1035 -1
-516 -889 384 1143 122 854 -1 -714 118 -805 -1 -220
-520 -896 387 1152 123 861 610 -720 119 -812 1044 -222
-524 -903 390 1161 124 868 615 -726 120 -819 -1 -224
-528 -910 393 1170 125 875 620 -732 121 -826 1053 -226
-532 -917 396 -1 126 -1 625 -738 122 -833 1062 -1
-536 -924 399 1179 127 882 -1 -744 123 -840 1071 -228
-540 -931 402 1188 128 889 630 -750 124 -847 1080 -230
-544 -938 405 1197 129 896 635 -756 125 -854 -1 -232
-548 -945 408 1206 130 903 640 -762 126 -861 1089 -234
-552 -952 -1 1215 131 910 645 -768 127 -868 1098 -236
-556 -959 411 1224 132 917 650 -774 128 -875 1107 -238
-560 -966 414 1233 133 924 655 -780 129 -882 -1 -240
-564 -973 417 1242 -1 931 660 -786 130 -889 1116 -242
-568 -980 420 1251 134 938 665 -792 131 -896 1125 -244
-572 -987 423 1260 135 945 670 -1 132 -903 1134 -246
-576 -994 426 1269 136 952 675 -798 -1 -910 1143 -248
-580 -1001 429 1278 137 959 680 -804 133 -917 1152 -250
-584 -1008 432 -1 138 966 685 -810 134 -924 1161 -252
-588 -1015 435 1287 139 973 690 -816 -1 -931 1170 -254
-592 -1022 438 1296 140 980 695 -822 135 -938 1179 -256
-596 -1029 441 1305 141 987 700 -828 136 -945 1188 -258
-600 -1036 444 1314 142 994 705 -834 137 -952 1197 -260
-604 -1043 447 -1 143 1001 710 -1 -1 -959 1206 -262
-608 -1050 450 1323 144 1008 715 -840 138 -966 1215 -1
-612 -1057 -1 1332 145 1015 720 -846 139 -1 1224 -264
-616 -1064 453 1341 -1 1022 725 -852 140 -973 1233 -266
-620 -1071 456 1350 146 1029 730 -858 141 -980 1242 -268
-624 -1078 459 1359 147 1036 735 -864 142 -987 1251 -270
-628 -1085 462 1368 148 1043 740 -870 143 -994 1260 -272
-632 -1092 465 1377 -1 1050 745 -876 144 -1001 1269 -1
-636 -1099 468 1386 149 1057 750 -882 145 -1008 1278 -274
-640 -1106 471 1395 150 1064 755 -888 146 -1015 1287 -276
-644 -1113 474 1404 151 -1 760 -894 147 -1022 1296 -278
-648 -1120 477 1413 152 1071 765 -1 148 -1029 -1 -280
-652 -1127 480 1422 153 1078 770 -900 149 -1036 1305 -282
-656 -1134 483 1431 154 1085 775 -906 150 -1043 1314 -284
-660 -1141 486 1440 155 1092 780 -912 151 -1050 1323 -286
-664 -1148 489 1449 156 1099 785 -918 152 -1057 1332 -288
-668 -1155 492 1458 157 1106 790 -924 153 -1064 1341 -290
-672 -1162 495 1467 158 1113 795 -930 154 -1071 1350 -292
-676 -1169 498 1476 159 1120 800 -936 155 -1078 1359 -294
-680 -1176 501 1485 160 1127 805 -942 156 -1085 1368 -296
-684 -1183 504 1494 161 1134 810 -948 157 -1092 1377 -298
-688 -1190 507 1503 162 1141 815 -954 158 -1099 -1 -300
-692 -1197 510 1512 163 1148 820 -960 159 -1106 1386 -302
-696 -1204 513 1521 164 1155 825 -966 -1 -1113 1395 -304
-700 -1211 516 1530 165 1162 830 -1 160 -1 1404 -306
-704 -1218 519 1539 166 1169 835 -972 -1 -1120 1413 -1
-708 -1225 522 1548 167 1176 840 -978 161 -1127 1422 -308
-712 -1232 525 1557 168 1183 845 -984 162 -1134 -1 -310
-716 -1239 528 1566 -1 1190 850 -990 163 -1141 1431 -312
-720 -1246 531 1575 169 1197 855 -996 164 -1 1440 -1
-724 -1253 534 1584 170 1204 860 -1002 165 -1148 1449 -314
-728 -1260 537 1593 171 1211 865 -1008 166 -1155 1458 -316
-732 -1267 540 1602 172 1218 870 -1014 167 -1162 1467 -318
-736 -1274 543 1611 173 1225 875 -1020 168 -1169 1476 -320
-740 -1281 546 1620 174 -1 880 -1026 169 -1176 1485 -322
-744 -1288 549 1629 175 -1 885 -1032 170 -1183 1494 -324
-748 -1295 552 1638 176 1232 890 -1038 171 -1190 1503 -326
-752 -1302 555 1647 177 1239 895 -1044 172 -1197 1512 -328
-756 -1309 558 1656 178 1246 900 -1050 173 -1204 1521 -330
-760 -1316 561 1665 179 1253 905 -1056 174 -1211 1530 -332
-764 -1323 564 1674 180 1260 910 -1062 175 -1218 1539 -334
-768 -1330 567 1683 181 1267 -1 -1068 176 -1225 1548 -336
-772 -1337 570 -1 182 1274 915 -1074 177 -1232 1557 -338
-776 -1344 573 1692 183 1281 920 -1080 178 -1239 1566 -340
-780 -1351 576 1701 184 1288 925 -1086 179 -1246 1575 -1
-784 -1358 579 1710 185 1295 -1 -1092 180 -1253 1584 -1
-788 -1365 582 1719 186 -1 930 -1098 181 -1260 1593 -342
-792 -1372 585 1728 187 1302 935 -1104 182 -1267 1602 -1
-796 -1379 588 1737 188 1309 940 -1110 183 -1274 1611 -344
-800 -1386 591 1746 189 1316 945 -1116 -1 -1281 1620 -346
-804 -1393 -1 1755 190 1323 950 -1122 184 -1288 1629 -348
-808 -1400 594 1764 191 1330 955 -1128 185 -1295 1638 -350
-812 -1407 597 1773 192 1337 960 -1134 186 -1302 1647 -352
-816 -1414 600 1782 193 1344 965 -1140 187 -1309 1656 -354
-820 -1421 603 1791 194 1351 970 -1146 188 -1316 1665 -356
-824 -1428 606 1800 195 1358 975 -1152 189 -1323 1674 -358
-828 -1435 609 1809 196 1365 980 -1158 190 -1330 1683 -360
-832 -1442 612 1818 197 1372 985 -1164 -1 -1337 1692 -362
-836 -1449 615 1827 198 1379 990 -1170 191 -1344 1701 -364
-840 -1456 618 1836 199 1386 995 -1176 192 -1 -1 -366
-844 -1463 621 1845 200 1393 1000 -1182 193 -1351 1710 -368
-848 -1470 624 1854 201 1400 1005 -1188 194 -1358 1719 -370
-852 -1477 627 1863 202 1407 1010 -1194 195 -1365 1728 -372
-856 -1484 630 1872 203 1414 1015 -1200 196 -1372 1737 -1
-860 -1491 633 1881 204 1421 1020 -1206 -1 -1379 1746 -374
-864 -1498 636 1890 205 1428 1025 -1212 197 -1386 1755 -376
-868 -1505 639 1899 206 1435 1030 -1218 198 -1393 1764 -1
-872 -1512 -1 1908 207 1442 1035 -1224 199 -1400 1773 -378
-876 -1519 642 1917 208 1449 1040 -1230 200 -1407 1782 -1
-880 -1526 645 1926 209 1456 1045 -1236 201 -1 1791 -380
-884 -1533 648 1935 210 1463 1050 -1242 202 -1414 -1 -382
-888 -1540 651 1944 211 1470 1055 -1 203 -1 1800 -384
-892 -1547 654 1953 212 1477 1060 -1248 204 -1421 1809 -386
-896 -1554 657 1962 213 1484 1065 -1254 205 -1428 1818 -388
-900 -1561 660 1971 214 1491 1070 -1260 206 -1435 1827 -390
-904 -1568 663 1980 215 1498 1075 -1266 207 -1442 1836 -392
-908 -1575 666 1989 216 1505 1080 -1272 208 -1449 1845 -394
-912 -1582 669 1998 217 1512 1085 -1278 209 -1456 1854 -396
-916 -1589 672 2007 218 1519 1090 -1 210 -1 1863 -398
-920 -1596 675 2016 219 1526 1095 -1284 211 -1463 1872 -400
-924 -1603 678 2025 220 1533 1100 -1290 212 -1470 1881 -402
-928 -1610 681 -1 221 1540 1105 -1296 213 -1477 1890 -404
-932 -1617 684 2034 -1 1547 1110 -1302 214 -1484 1899 -1
-936 -1624 687 2043 222 1554 1115 -1308 215 -1491 1908 -406
-940 -1631 690 2052 223 1561 -1 -1 -1 -1498 1917 -408
-944 -1638 693 2061 -1 1568 1120 -1314 216 -1505 1926 -410
-948 -1645 696 2070 224 1575 1125 -1320 -1 -1512 1935 -412
-952 -1652 699 2079 225 1582 1130 -1326 217 -1519 1944 -414
-956 -1659 702 2088 226 1589 1135 -1332 218 -1526 1953 -416
-960 -1666 705 2097 227 1596 1140 -1338 219 -1533 1962 -418
-964 -1673 708 2106 228 1603 1145 -1 -1 -1540 1971 -1
-968 -1680 711 2115 229 1610 1150 -1344 220 -1547 1980 -420
-972 -1687 714 2124 230 1617 1155 -1350 221 -1554 1989 -422
-976 -1694 717 2133 231 -1 1160 -1356 -1 -1561 1998 -424
-980 -1701 720 2142 232 1624 1165 -1362 222 -1568 2007 -426
-984 -1708 723 2151 233 -1 1170 -1368 223 -1575 2016 -1
-988 -1715 726 2160 234 1631 1175 -1374 224 -1582 2025 -428
-992 -1722 729 2169 235 1638 1180 -1380 225 -1 2034 -430
-996 -1729 732 2178 236 1645 -1 -1386 226 -1589 -1 -432