
7.9 7.9 7.9 76 3.9 0 0 1.6 7.9 7.7 7.7 1031 0 0 0.007 0 26.3 34 9.2 25.5 6.66 1.1866 7.2 23 1 100 1
7.9 7.9 7.9 76 3.9 0 0 1.6 7.9 7.7 7.7 1031 0 0 0.007 0 26.3 34 9.2 25.5 6.66 1.1866 7.2 22 1 95.7 1
7.9 7.9 7.8 76 3.9 0 0 0 7.9 7.7 7.7 1031 0 0 0.007 0 26.3 34 9.2 25.5 6.66 1.1866 7.2 24 1 100 1
7.9 7.9 7.8 76 3.9 3.2 0.05 6.4 7.9 7.7 7.7 1031 0 0 0.007 0 26.3 34 9.2 25.5 6.66 1.1867 7.2 22 1 95.7 1
7.8 7.9 7.8 76 3.9 1.6 0.03 3.2 7.8 7.6 7.6 1031 0 0 0.007 0 26.3 34 9.2 25.5 6.66 1.1866 7.2 24 1 100 1
7.8 7.9 7.8 76 3.9 1.6 0.03 3.2 7.8 7.6 7.6 1031 0 0 0.007 0 26.3 34 9.2 25.5 6.66 1.1867 7.2 23 1 100 1
7.9 7.9 7.8 76 3.9 1.6 0.03 3.2 7.9 7.7 7.7 1031.1 0 0 0.007 0 26.3 34 9.2 25.5 6.66 1.1867 7.2 23 1 100 1
7.9 7.9 7.8 76 3.9 0 0 1.6 7.9 7.7 7.7 1031.1 0 0 0.007 0 26.3 34 9.2 25.5 6.66 1.1867 7.2 23 1 100 1
7.9 7.9 7.8 76 3.9 1.6 0.03 3.2 7.9 7.7 7.7 1031.1 0 0 0.007 0 26.3 34 9.2 25.5 6.66 1.1867 7.2 23 1 100 1
7.9 7.9 7.8 76 3.9 3.2 0.05 4.8 7.9 7.7 7.7 1031.1 0 0 0.007 0 26.3 34 9.2 25.5 6.66 1.1867 7.2 24 1 100 1
7.9 7.9 7.8 76 3.9 1.6 0.03 4.8 7.9 7.7 7.7 1031.1 0 0 0.007 0 26.3 34 9.2 25.5 6.66 1.1867 7.2 23 1 100 1
7.9 7.9 7.9 76 3.9 0 0 0 7.9 7.7 7.7 1031.1 0 0 0.007 0 26.3 34 9.2 25.5 6.66 1.1867 7.2 23 1 100 1
7.9 7.9 7.8 77 4.1 0 0 1.6 7.9 7.7 7.7 1031.1 0 0 0.007 0 26.3 34 9.2 25.5 6.66 1.1867 7.2 23 1 100 1
7.9 7.9 7.9 77 4.1 0 0 3.2 7.9 7.7 7.7 1031.1 0 0 0.007 0 26.3 34 9.2 25.5 6.66 1.1868 7.2 23 1 100 1
7.9 7.9 7.9 77 4.1 1.6 0.03 3.2 7.9 7.7 7.7 1031.2 0 0 0.007 0 26.3 34 9.2 25.5 6.66 1.1868 7.2 24 1 100 1
7.9 7.9 7.9 77 4.1 1.6 0.03 3.2 7.9 7.7 7.7 1031.1 0 0 0.007 0 26.3 34 9.2 25.5 6.66 1.1868 7.2 23 1 100 1
7.9 7.9 7.9 77 4.1 4.8 0.08 6.4 7.4 7.7 7.3 1031.2 0 0 0.007 0 26.3 34 9.2 25.5 6.66 1.1868 7.2 24 1 100 1
7.8 7.9 7.8 76 3.9 3.2 0.05 4.8 7.8 7.6 7.6 1031.2 0 0 0.007 0 26.3 34 9.2 25.5 6.66 1.1868 7.2 23 1 100 1
7.9 7.9 7.8 76 3.9 1.6 0.03 6.4 7.9 7.7 7.7 1031.2 0 0 0.007 0 26.3 34 9.2 25.5 6.66 1.1868 7.2 23 1 100 1
7.9 7.9 7.8 76 3.9 1.6 0.03 4.8 7.9 7.7 7.7 1031.3 0 0 0.007 0 26.3 34 9.2 25.5 6.66 1.1869 7.2 24 1 100 1
7.8 7.9 7.8 76 3.9 0 0 0 7.8 7.6 7.6 1031.2 0 0 0.007 0 26.3 34 9.2 25.5 6.66 1.1869 7.2 23 1 100 1
7.9 7.9 7.8 76 3.9 0 0 0 7.9 7.7 7.7 1031.3 0 0 0.007 0 26.3 34 9.2 25.5 6.66 1.1869 7.2 24 1 100 1
7.8 7.8 7.8 76 3.9 0 0 1.6 7.8 7.6 7.6 1031.3 0 0 0.007 0 26.3 34 9.2 25.5 6.66 1.187 7.2 23 1 100 1
7.8 7.8 7.8 77 4 0 0 1.6 7.8 7.7 7.7 1031.3 0 0 0.007 0 26.3 34 9.2 25.5 6.66 1.187 7.2 23 1 100 1
7.8 7.8 7.8 77 4 1.6 0.03 4.8 7.8 7.7 7.7 1031.3 0 0 0.007 0 26.3 34 9.2 25.5 6.66 1.187 7.2 23 1 100 1
7.9 7.9 7.8 77 4.1 1.6 0.03 3.2 7.9 7.7 7.7 1031.3 0 0 0.007 0 26.3 34 9.2 25.5 6.66 1.187 7.2 22 1 95.7 1
7.8 7.8 7.8 77 4 1.6 0.03 4.8 7.8 7.7 7.7 1031.4 0 0 0.007 0 26.3 34 9.2 25.5 6.66 1.1871 7.2 24 1 100 1
7.9 7.9 7.8 77 4.1 3.2 0.05 4.8 7.9 7.7 7.7 1031.4 0 0 0.007 0 26.3 34 9.2 25.5 6.66 1.1871 7.2 23 1 100 1
7.8 7.8 7.8 77 4 1.6 0.03 3.2 7.8 7.7 7.7 1031.3 0 0 0.007 0 26.3 34 9.2 25.5 6.66 1.187 7.2 24 1 100 1
7.8 7.9 7.8 77 4 0 0 3.2 7.8 7.7 7.7 1031.3 0 0 0.007 0 26.3 34 9.2 25.5 6.66 1.187 7.2 23 1 100 1
7.8 7.8 7.8 77 4 3.2 0.05 4.8 7.8 7.7 7.7 1031.3 0 0 0.007 0 26.3 34 9.2 25.5 6.66 1.187 7.2 23 1 100 1
7.8 7.8 7.8 77 4 1.6 0.03 4.8 7.8 7.7 7.7 1031.3 0 0 0.007 0 26.3 34 9.2 25.5 6.66 1.187 7.2 23 1 100 1
7.8 7.8 7.8 77 4 1.6 0.03 4.8 7.8 7.7 7.7 1031.3 0 0 0.007 0 26.3 34 9.2 25.5 6.66 1.187 7.2 23 1 100 1
7.8 7.8 7.8 77 4 4.8 0.08 6.4 7.4 7.7 7.2 1031.4 0 0 0.007 0 26.3 34 9.2 25.5 6.66 1.1871 7.2 24 1 100 1
7.8 7.8 7.8 77 4 4.8 0.08 6.4 7.3 7.6 7.2 1031.4 0 0 0.007 0 26.3 34 9.2 25.5 6.66 1.1871 7.2 23 1 100 1
7.8 7.8 7.8 77 4 3.2 0.05 4.8 7.8 7.6 7.6 1031.4 0 0 0.007 0 26.3 34 9.2 25.5 6.66 1.1871 7.2 24 1 100 1
7.8 7.8 7.8 77 4 1.6 0.03 4.8 7.8 7.6 7.6 1031.4 0 0 0.007 0 26.3 34 9.2 25.5 6.66 1.1871 7.2 23 1 100 1
7.8 7.8 7.8 77 4 3.2 0.05 4.8 7.8 7.6 7.6 1031.4 0 0 0.007 0 26.3 34 9.2 25.5 6.66 1.1871 7.2 23 1 100 1
7.8 7.8 7.7 77 4 1.6 0.03 3.2 7.8 7.6 7.6 1031.4 0 0 0.007 0 26.3 34 9.2 25.5 6.66 1.1871 7.2 24 1 100 1
7.8 7.8 7.7 77 4 0 0 0 7.8 7.6 7.6 1031.4 0 0 0.007 0 26.3 34 9.2 25.5 6.66 1.1871 7.2 23 1 100 1
7.8 7.8 7.7 77 4 0 0 0 7.8 7.6 7.6 1031.4 0 0 0.007 0 26.3 34 9.2 25.5 6.66 1.1871 7.2 24 1 100 1
7.7 7.8 7.7 77 3.9 0 0 0 7.7 7.6 7.6 1031.5 0 0 0.007 0 26.3 34 9.2 25.5 6.66 1.1872 7.2 23 1 100 1
7.7 7.8 7.7 77 3.9 1.6 0.03 3.2 7.7 7.6 7.6 1031.5 0 0 0.007 0 26.3 34 9.2 25.5 6.66 1.1872 7.2 23 1 100 1
7.7 7.7 7.7 77 3.9 3.2 0.05 6.4 7.7 7.6 7.6 1031.5 0 0 0.007 0 26.3 34 9.2 25.5 6.66 1.1872 7.2 24 1 100 1
7.7 7.7 7.7 77 3.9 4.8 0.08 6.4 7.3 7.6 7.1 1031.4 0 0 0.007 0 26.3 34 9.2 25.5 6.66 1.1871 7.2 23 1 100 1
7.7 7.7 7.7 77 3.9 3.2 0.05 4.8 7.7 7.6 7.6 1031.5 0 0 0.007 0 26.3 34 9.2 25.5 6.66 1.1872 7.2 24 1 100 1
7.7 7.7 7.7 77 3.9 1.6 0.03 3.2 7.7 7.6 7.6 1031.4 0 0 0.007 0 26.3 34 9.2 25.5 6.66 1.1871 7.2 23 1 100 1
7.7 7.7 7.7 77 3.9 3.2 0.05 6.4 7.7 7.6 7.6 1031.5 0 0 0.007 0 26.3 34 9.2 25.5 6.66 1.1872 7.2 23 1 100 1
7.7 7.7 7.7 77 3.9 3.2 0.05 4.8 7.7 7.6 7.6 1031.4 0 0 0.007 0 26.3 34 9.2 25.5 6.66 1.1871 7.2 22 1 95.7 1
7.7 7.7 7.7 77 3.9 1.6 0.03 3.2 7.7 7.5 7.5 1031.4 0 0 0.007 0 26.3 34 9.2 25.5 6.66 1.1871 7.2 23 1 100 1
7.7 7.7 7.7 77 3.9 1.6 0.03 3.2 7.7 7.5 7.5 1031.4 0 0 0.007 0 26.3 34 9.2 25.5 6.66 1.1871 7.2 24 1 100 1
7.7 7.7 7.7 77 3.9 1.6 0.03 3.2 7.7 7.5 7.5 1031.4 0 0 0.007 0 26.3 34 9.2 25.5 6.66 1.1871 7.2 23 1 100 1
7.7 7.7 7.7 77 3.9 3.2 0.05 4.8 7.7 7.5 7.5 1031.4 0 0 0.007 0 26.3 34 9.2 25.5 6.66 1.1871 7.2 24 1 100 1
7.7 7.7 7.7 77 3.9 0 0 1.6 7.7 7.5 7.5 1031.4 0 0 0.007 0 26.3 34 9.2 25.5 6.66 1.1871 7.2 23 1 100 1
7.7 7.7 7.7 77 3.9 1.6 0.03 3.2 7.7 7.5 7.5 1031.4 0 0 0.007 0 26.3 34 9.2 25.5 6.66 1.1871 7.2 22 1 95.7 1
7.7 7.7 7.7 77 3.9 3.2 0.05 4.8 7.7 7.5 7.5 1031.4 0 0 0.007 0 26.3 34 9.2 25.5 6.66 1.1871 7.2 24 1 100 1
7.7 7.7 7.7 77 3.9 3.2 0.05 6.4 7.7 7.5 7.5 1031.4 0 0 0.007 0 26.3 34 9.2 25.5 6.66 1.1871 7.2 23 1 100 1
7.7 7.7 7.7 77 3.9 1.6 0.03 3.2 7.7 7.5 7.5 1031.4 0 0 0.007 0 26.3 34 9.2 25.5 6.66 1.1871 7.2 24 1 100 1
7.7 7.7 7.7 77 3.9 0 0 0 7.7 7.5 7.5 1031.4 0 0 0.007 0 26.3 34 9.2 25.5 6.66 1.1871 7.2 23 1 100 1
7.7 7.7 7.7 77 3.9 0 0 0 7.7 7.5 7.5 1031.3 0 0 0.007 0 26.3 34 9.2 25.5 6.66 1.187 7.2 22 1 95.7 1
7.7 7.7 7.7 77 3.9 0 0 0 7.7 7.5 7.5 1031.4 0 0 0.007 0 26.3 34 9.2 25.5 6.66 1.1871 7.2 24 1 100 1
7.7 7.7 7.7 77 3.9 0 0 0 7.7 7.5 7.5 1031.4 0 0 0.007 0 26.3 34 9.2 25.5 6.66 1.1871 7.2 23 1 100 1
7.7 7.7 7.7 77 3.9 3.2 0.05 6.4 7.7 7.5 7.5 1031.4 0 0 0.007 0 26.3 34 9.2 25.5 6.66 1.1871 7.2 24 1 100 1
7.7 7.7 7.7 77 3.9 4.8 0.08 6.4 7.2 7.5 7.1 1031.4 0 0 0.007 0 26.3 34 9.2 25.5 6.66 1.1871 7.2 23 1 100 1
7.7 7.7 7.7 77 3.9 1.6 0.03 3.2 7.7 7.5 7.5 1031.4 0 0 0.007 0 26.3 34 9.2 25.5 6.66 1.1871 7.2 24 1 100 1
7.7 7.7 7.7 77 3.9 3.2 0.05 6.4 7.7 7.5 7.5 1031.4 0 0 0.007 0 26.3 34 9.2 25.5 6.66 1.1871 7.2 22 1 95.7 1
7.6 7.7 7.6 77 3.8 4.8 0.08 6.4 7.1 7.4 6.9 1031.4 0 0 0.007 0 26.3 34 9.2 25.5 6.66 1.1871 7.2 22 1 95.7 1
7.6 7.7 7.6 77 3.8 1.6 0.03 3.2 7.6 7.4 7.4 1031.4 0 0 0.007 0 26.3 34 9.2 25.5 6.66 1.1871 7.2 24 1 100 1
7.6 7.6 7.6 77 3.8 1.6 0.03 3.2 7.6 7.4 7.4 1031.4 0 0 0.007 0 26.3 34 9.2 25.5 6.66 1.1871 7.2 23 1 100 1
7.6 7.6 7.6 77 3.8 1.6 0.03 3.2 7.6 7.4 7.4 1031.4 0 0 0.007 0 26.3 34 9.2 25.5 6.66 1.1871 7.2 24 1 100 1
7.6 7.6 7.6 78 4 0 0 0 7.6 7.4 7.4 1031.4 0 0 0.007 0 26.3 34 9.2 25.5 6.66 1.1871 7.2 23 1 100 1
7.6 7.6 7.6 78 4 0 0 1.6 7.6 7.4 7.4 1031.4 0 0 0.007 0 26.3 34 9.2 25.5 6.66 1.1871 7.2 23 1 100 1
7.6 7.6 7.6 78 4 0 0 0 7.6 7.4 7.4 1031.4 0 0 0.007 0 26.3 35 9.6 25.6 6.86 1.1867 7.2 24 1 100 1
7.6 7.6 7.6 78 4 0 0 0 7.6 7.4 7.4 1031.4 0 0 0.007 0 26.3 34 9.2 25.5 6.66 1.1871 7.2 23 1 100 1
7.6 7.6 7.6 78 4 3.2 0.05 4.8 7.6 7.4 7.4 1031.5 0 0 0.007 0 26.3 34 9.2 25.5 6.66 1.1872 7.2 24 1 100 1
7.6 7.6 7.6 78 4 1.6 0.03 3.2 7.6 7.4 7.4 1031.5 0 0 0.007 0 26.3 34 9.2 25.5 6.66 1.1872 7.2 22 1 95.7 1
7.6 7.6 7.6 78 4 0 0 1.6 7.6 7.4 7.4 1031.5 0 0 0.007 0 26.3 34 9.2 25.5 6.66 1.1872 7.2 24 1 100 1
7.6 7.6 7.6 78 4 0 0 0 7.6 7.4 7.4 1031.5 0 0 0.007 0 26.3 34 9.2 25.5 6.66 1.1872 7.2 23 1 100 1
7.6 7.6 7.6 78 4 0 0 0 7.6 7.4 7.4 1031.5 0 0 0.007 0 26.3 35 9.6 25.6 6.86 1.1869 7.2 23 1 100 1
7.6 7.6 7.6 78 4 0 0 3.2 7.6 7.4 7.4 1031.5 0 0 0.007 0 26.3 35 9.6 25.6 6.86 1.1868 7.2 23 1 100 1
7.6 7.6 7.6 78 4 0 0 0 7.6 7.4 7.4 1031.5 0 0 0.007 0 26.3 35 9.6 25.6 6.86 1.1868 7.2 23 1 100 1
7.6 7.6 7.6 78 4 1.6 0.03 6.4 7.6 7.4 7.4 1031.5 0 0 0.007 0 26.3 35 9.6 25.6 6.86 1.1868 7.2 24 1 100 1
7.6 7.6 7.6 78 4 3.2 0.05 6.4 7.6 7.4 7.4 1031.6 0 0 0.007 0 26.3 35 9.6 25.6 6.86 1.1869 7.2 23 1 100 1
7.6 7.6 7.6 78 4 1.6 0.03 4.8 7.6 7.4 7.4 1031.5 0 0 0.007 0 26.3 35 9.6 25.6 6.86 1.1868 7.2 22 1 95.7 1
7.6 7.6 7.6 78 4 3.2 0.05 4.8 7.6 7.4 7.4 1031.5 0 0 0.007 0 26.3 35 9.6 25.6 6.86 1.1868 7.2 23 1 100 1
7.6 7.6 7.6 78 4 3.2 0.05 4.8 7.6 7.4 7.4 1031.5 0 0 0.007 0 26.3 35 9.6 25.6 6.86 1.1869 7.2 23 1 100 1
7.6 7.6 7.6 78 4 3.2 0.05 4.8 7.6 7.4 7.4 1031.5 0 0 0.007 0 26.3 35 9.6 25.6 6.86 1.1869 7.2 24 1 100 1
7.6 7.6 7.6 78 4 1.6 0.03 4.8 7.6 7.4 7.4 1031.5 0 0 0.007 0 26.3 35 9.6 25.6 6.86 1.1868 7.2 22 1 95.7 1
7.6 7.6 7.6 78 4 0 0 1.6 7.6 7.4 7.4 1031.5 0 0 0.007 0 26.3 35 9.6 25.6 6.86 1.1868 7.2 24 1 100 1
7.6 7.6 7.6 78 4 0 0 1.6 7.6 7.4 7.4 1031.5 0 0 0.007 0 26.3 35 9.6 25.6 6.86 1.1868 7.2 23 1 100 1
7.6 7.6 7.6 78 4 0 0 3.2 7.6 7.4 7.4 1031.5 0 0 0.007 0 26.3 35 9.6 25.6 6.86 1.1868 7.2 23 1 100 1
7.6 7.6 7.6 78 4 3.2 0.05 4.8 7.6 7.4 7.4 1031.5 0 0 0.007 0 26.3 35 9.6 25.6 6.86 1.1868 7.2 23 1 100 1
7.6 7.6 7.6 78 4 3.2 0.05 4.8 7.6 7.4 7.4 1031.4 0 0 0.007 0 26.3 35 9.6 25.6 6.86 1.1867 7.2 22 1 95.7 1
7.6 7.6 7.6 78 4 1.6 0.03 3.2 7.6 7.4 7.4 1031.5 0 0 0.007 0 26.3 35 9.6 25.6 6.86 1.1868 7.2 24 1 100 1
7.6 7.6 7.6 78 4 1.6 0.03 3.2 7.6 7.4 7.4 1031.4 0 0 0.007 0 26.3 35 9.6 25.6 6.86 1.1867 7.2 23 1 100 1
7.6 7.6 7.6 78 4 0 0 0 7.6 7.4 7.4 1031.4 0 0 0.007 0 26.3 35 9.6 25.6 6.86 1.1867 7.2 21 1 91.3 1
7.6 7.6 7.6 78 4 1.6 0.03 4.8 7.6 7.4 7.4 1031.4 0 0 0.007 0 26.3 35 9.6 25.6 6.86 1.1867 7.2 24 1 100 1
7.6 7.6 7.6 78 4 0 0 3.2 7.6 7.4 7.4 1031.4 0 0 0.007 0 26.3 35 9.6 25.6 6.86 1.1867 7.2 22 1 95.7 1
7.6 7.6 7.6 78 4 1.6 0.03 3.2 7.6 7.4 7.4 1031.4 0 0 0.007 0 26.3 35 9.6 25.6 6.86 1.1867 7.2 24 1 100 1
7.6 7.6 7.6 78 4 1.6 0.03 3.2 7.6 7.4 7.4 1031.4 0 0 0.007 0 26.3 35 9.6 25.6 6.86 1.1867 7.2 21 1 91.3 1
7.6 7.6 7.6 78 4 1.6 0.03 3.2 7.6 7.4 7.4 1031.4 0 0 0.007 0 26.3 35 9.6 25.6 6.86 1.1867 7.2 22 1 95.7 1
7.6 7.6 7.6 78 4 1.6 0.03 3.2 7.6 7.4 7.4 1031.4 0 0 0.007 0 26.3 35 9.6 25.6 6.86 1.1867 7.2 23 1 100 1
7.6 7.6 7.6 78 4 1.6 0.03 4.8 7.6 7.4 7.4 1031.4 0 0 0.007 0 26.3 35 9.6 25.6 6.86 1.1867 7.2 23 1 100 1
7.5 7.6 7.5 78 3.9 3.2 0.05 4.8 7.5 7.3 7.3 1031.4 0 0 0.008 0 26.3 35 9.6 25.6 6.86 1.1867 7.2 23 1 100 1
7.5 7.5 7.5 78 3.9 1.6 0.03 3.2 7.5 7.3 7.3 1031.4 0 0 0.008 0 26.3 35 9.6 25.6 6.86 1.1867 7.2 23 1 100 1
7.5 7.5 7.5 78 3.9 1.6 0.03 3.2 7.5 7.3 7.3 1031.4 0 0 0.008 0 26.3 35 9.6 25.6 6.86 1.1867 7.2 23 1 100 1
7.5 7.5 7.5 78 3.9 3.2 0.05 3.2 7.5 7.3 7.3 1031.4 0 0 0.008 0 26.3 35 9.6 25.6 6.86 1.1867 7.2 22 1 95.7 1
7.5 7.5 7.5 78 3.9 0 0 1.6 7.5 7.3 7.3 1031.4 0 0 0.008 0 26.3 35 9.6 25.6 6.86 1.1867 7.2 23 1 100 1
7.5 7.5 7.5 78 3.9 0 0 0 7.5 7.3 7.3 1031.4 0 0 0.008 0 26.3 35 9.6 25.6 6.86 1.1867 7.2 23 1 100 1
7.5 7.5 7.5 78 3.9 0 0 1.6 7.5 7.3 7.3 1031.4 0 0 0.008 0 26.3 35 9.6 25.6 6.86 1.1867 7.2 23 1 100 1
7.5 7.5 7.5 78 3.9 0 0 1.6 7.5 7.3 7.3 1031.4 0 0 0.008 0 26.3 35 9.6 25.6 6.86 1.1867 7.2 23 1 100 1
7.5 7.5 7.5 78 3.9 1.6 0.03 4.8 7.5 7.3 7.3 1031.4 0 0 0.008 0 26.3 35 9.6 25.6 6.86 1.1867 7.2 23 1 100 1
7.5 7.5 7.5 78 3.9 1.6 0.03 3.2 7.5 7.3 7.3 1031.4 0 0 0.008 0 26.3 35 9.6 25.6 6.86 1.1867 7.2 22 1 95.7 1
7.5 7.5 7.5 78 3.9 0 0 1.6 7.5 7.3 7.3 1031.4 0 0 0.008 0 26.3 35 9.6 25.6 6.86 1.1867 7.2 23 1 100 1
7.5 7.5 7.5 78 3.9 0 0 1.6 7.5 7.3 7.3 1031.5 0 0 0.008 0 26.3 35 9.6 25.6 6.86 1.1868 7.2 22 1 95.7 1
7.5 7.5 7.4 78 3.9 1.6 0.03 4.8 7.5 7.3 7.3 1031.5 0 0 0.008 0 26.3 35 9.6 25.6 6.86 1.1868 7.2 23 1 100 1
7.4 7.5 7.4 78 3.9 1.6 0.03 4.8 7.4 7.3 7.3 1031.5 0 0 0.008 0 26.3 35 9.6 25.6 6.86 1.1869 6.7 22 1 95.7 1
7.5 7.5 7.5 78 3.9 1.6 0.03 4.8 7.5 7.3 7.3 1031.5 0 0 0.008 0 26.3 35 9.6 25.6 6.86 1.1868 7.2 23 1 100 1
7.5 7.5 7.5 78 3.9 4.8 0.08 6.4 7 7.3 6.8 1031.6 0 0 0.008 0 26.3 35 9.6 25.6 6.86 1.1869 7.2 22 1 95.7 1
7.4 7.5 7.4 78 3.9 1.6 0.03 4.8 7.4 7.3 7.3 1031.6 0 0 0.008 0 26.3 35 9.6 25.6 6.86 1.1869 7.2 22 1 95.7 1
7.4 7.5 7.4 78 3.9 0 0 1.6 7.4 7.3 7.3 1031.5 0 0 0.008 0 26.3 35 9.6 25.6 6.86 1.1868 7.2 24 1 100 1
7.4 7.4 7.4 78 3.9 0 0 1.6 7.4 7.3 7.3 1031.6 0 0 0.008 0 26.3 35 9.6 25.6 6.86 1.1869 6.7 20 1 87 1
7.4 7.4 7.4 78 3.9 1.6 0.03 3.2 7.4 7.3 7.3 1031.5 0 0 0.008 0 26.3 35 9.6 25.6 6.86 1.1869 6.7 24 1 100 1
7.4 7.4 7.4 78 3.9 3.2 0.05 4.8 7.4 7.3 7.3 1031.5 0 0 0.008 0 26.3 35 9.6 25.6 6.86 1.1869 6.7 22 1 95.7 1
7.4 7.4 7.4 78 3.9 0 0 1.6 7.4 7.3 7.3 1031.6 0 0 0.008 0 26.3 35 9.6 25.6 6.86 1.1869 7.2 22 1 95.7 1
7.4 7.4 7.4 78 3.9 0 0 0 7.4 7.3 7.3 1031.5 0 0 0.008 0 26.3 35 9.6 25.6 6.86 1.1869 6.7 23 1 100 1
7.4 7.4 7.4 78 3.9 0 0 0 7.4 7.3 7.3 1031.5 0 0 0.008 0 26.3 35 9.6 25.6 6.86 1.1868 6.7 22 1 95.7 1
7.4 7.4 7.4 78 3.9 0 0 1.6 7.4 7.3 7.3 1031.6 0 0 0.008 0 26.3 34 9.2 25.5 6.66 1.1873 6.7 23 1 100 1
7.4 7.4 7.4 78 3.9 0 0 1.6 7.4 7.3 7.3 1031.6 0 0 0.008 0 26.3 34 9.2 25.5 6.66 1.1873 6.7 22 1 95.7 1
7.4 7.4 7.4 78 3.9 1.6 0.03 3.2 7.4 7.3 7.3 1031.5 0 0 0.008 0 26.3 34 9.2 25.5 6.66 1.1873 7.2 24 1 100 1
7.4 7.4 7.4 78 3.9 0 0 1.6 7.4 7.3 7.3 1031.6 0 0 0.008 0 26.3 34 9.2 25.5 6.66 1.1873 7.2 23 1 100 1
7.4 7.4 7.4 78 3.9 0 0 0 7.4 7.3 7.3 1031.5 0 0 0.008 0 26.3 34 9.2 25.5 6.66 1.1873 7.2 23 1 100 1
7.4 7.4 7.4 78 3.9 1.6 0.03 3.2 7.4 7.3 7.3 1031.6 0 0 0.008 0 26.3 34 9.2 25.5 6.66 1.1873 7.2 23 1 100 1
7.4 7.4 7.4 78 3.9 0 0 1.6 7.4 7.3 7.3 1031.6 0 0 0.008 0 26.3 34 9.2 25.5 6.66 1.1873 7.2 22 1 95.7 1
7.4 7.4 7.4 78 3.9 0 0 0 7.4 7.3 7.3 1031.6 0 0 0.008 0 26.3 34 9.2 25.5 6.66 1.1873 7.2 24 1 100 1
7.4 7.4 7.4 78 3.9 0 0 0 7.4 7.3 7.3 1031.6 0 0 0.008 0 26.3 34 9.2 25.5 6.66 1.1873 7.2 22 1 95.7 1
7.4 7.5 7.4 78 3.9 0 0 0 7.4 7.3 7.3 1031.6 0 0 0.008 0 26.3 34 9.2 25.5 6.66 1.1873 7.2 23 1 100 1
7.4 7.4 7.4 78 3.9 0 0 1.6 7.4 7.3 7.3 1031.6 0 0 0.008 0 26.2 34 9.1 25.4 6.67 1.1876 7.2 24 1 100 1
7.4 7.4 7.4 78 3.9 0 0 0 7.4 7.3 7.3 1031.6 0 0 0.008 0 26.2 34 9.1 25.4 6.67 1.1876 7.2 23 1 100 1
7.4 7.4 7.4 78 3.9 0 0 0 7.4 7.3 7.3 1031.6 0 0 0.008 0 26.2 34 9.1 25.4 6.67 1.1876 7.2 23 1 100 1
7.4 7.4 7.4 78 3.9 0 0 0 7.4 7.3 7.3 1031.6 0 0 0.008 0 26.2 34 9.1 25.4 6.67 1.1876 7.2 23 1 100 1
7.4 7.4 7.4 78 3.9 0 0 1.6 7.4 7.3 7.3 1031.6 0 0 0.008 0 26.2 34 9.1 25.4 6.67 1.1876 7.2 23 1 100 1
7.4 7.4 7.4 78 3.9 0 0 0 7.4 7.3 7.3 1031.6 0 0 0.008 0 26.2 34 9.1 25.4 6.67 1.1876 7.2 23 1 100 1
7.4 7.4 7.4 78 3.9 0 0 0 7.4 7.3 7.3 1031.6 0 0 0.008 0 26.2 34 9.1 25.4 6.67 1.1876 6.7 23 1 100 1
7.4 7.4 7.4 78 3.9 0 0 0 7.4 7.3 7.3 1031.7 0 0 0.008 0 26.2 34 9.1 25.4 6.67 1.1877 6.7 24 1 100 1
7.4 7.4 7.4 79 4 0 0 0 7.4 7.3 7.3 1031.6 0 0 0.008 0 26.2 34 9.1 25.4 6.67 1.1876 7.2 23 1 100 1
7.4 7.4 7.4 79 4 0 0 0 7.4 7.3 7.3 1031.6 0 0 0.008 0 26.2 34 9.1 25.4 6.67 1.1876 7.2 24 1 100 1
7.5 7.5 7.4 79 4.1 1.6 0.03 3.2 7.5 7.4 7.4 1031.5 0 0 0.008 0 26.2 34 9.1 25.4 6.67 1.1875 6.7 23 1 100 1
7.5 7.5 7.4 79 4.1 0 0 3.2 7.5 7.4 7.4 1031.6 0 0 0.008 0 26.2 34 9.1 25.4 6.67 1.1876 7.2 23 1 100 1
7.5 7.5 7.4 79 4.1 0 0 1.6 7.5 7.4 7.4 1031.6 0 0 0.008 0 26.2 34 9.1 25.4 6.67 1.1876 7.2 24 1 100 1
7.4 7.5 7.4 79 4 0 0 0 7.4 7.3 7.3 1031.6 0 0 0.008 0 26.2 34 9.1 25.4 6.67 1.1876 7.2 21 1 91.3 1
7.5 7.5 7.4 79 4.1 0 0 0 7.5 7.4 7.4 1031.6 0 0 0.008 0 26.2 34 9.1 25.4 6.67 1.1876 7.2 24 1 100 1
7.5 7.5 7.4 79 4.1 0 0 0 7.5 7.4 7.4 1031.7 0 0 0.008 0 26.2 34 9.1 25.4 6.67 1.1877 7.2 22 1 95.7 1
7.5 7.5 7.4 79 4.1 0 0 0 7.5 7.4 7.4 1031.6 0 0 0.008 0 26.2 34 9.1 25.4 6.67 1.1876 7.2 23 1 100 1
7.5 7.5 7.4 79 4.1 0 0 0 7.5 7.4 7.4 1031.7 0 0 0.008 0 26.2 34 9.1 25.4 6.67 1.1877 7.2 23 1 100 1
7.5 7.5 7.5 79 4.1 0 0 0 7.5 7.4 7.4 1031.7 0 0 0.008 0 26.2 34 9.1 25.4 6.67 1.1877 7.2 23 1 100 1
7.5 7.5 7.5 80 4.3 0 0 0 7.5 7.4 7.4 1031.7 0 0 0.008 0 26.2 34 9.1 25.4 6.67 1.1877 7.2 23 1 100 1
7.5 7.5 7.5 80 4.3 0 0 0 7.5 7.4 7.4 1031.7 0 0 0.008 0 26.2 34 9.1 25.4 6.67 1.1878 7.2 22 1 95.7 1
7.5 7.5 7.5 80 4.3 0 0 0 7.5 7.4 7.4 1031.8 0 0 0.008 0 26.2 34 9.1 25.4 6.67 1.1878 7.2 24 1 100 1
7.5 7.5 7.5 79 4.1 0 0 0 7.5 7.4 7.4 1031.8 0 0 0.008 0 26.2 34 9.1 25.4 6.67 1.1878 7.2 22 1 95.7 1
7.5 7.5 7.5 79 4.1 1.6 0.03 4.8 7.5 7.4 7.4 1031.8 0 0 0.008 0 26.2 34 9.1 25.4 6.67 1.1879 6.7 23 1 100 1
7.5 7.5 7.5 79 4.1 3.2 0.05 4.8 7.5 7.4 7.4 1031.8 0 0 0.008 0 26.2 34 9.1 25.4 6.67 1.1879 6.7 23 1 100 1
7.4 7.4 7.4 79 4 1.6 0.03 3.2 7.4 7.3 7.3 1031.9 0 0 0.008 0 26.2 34 9.1 25.4 6.67 1.1879 6.7 23 1 100 1
7.4 7.4 7.4 79 4 0 0 6.4 7.4 7.3 7.3 1031.9 0 0 0.008 0 26.2 34 9.1 25.4 6.67 1.188 6.7 23 1 100 1
7.4 7.4 7.4 79 4 1.6 0.03 3.2 7.4 7.3 7.3 1031.9 0 0 0.008 0 26.2 34 9.1 25.4 6.67 1.188 6.7 22 1 95.7 1
7.4 7.4 7.4 79 4 3.2 0.05 3.2 7.4 7.3 7.3 1032 0 0 0.008 0 26.2 34 9.1 25.4 6.67 1.188 6.7 22 1 95.7 1
7.4 7.4 7.4 79 4 0 0 1.6 7.4 7.3 7.3 1032 0 0 0.008 0 26.2 35 9.5 25.5 6.87 1.1876 6.7 23 1 100 1
7.4 7.4 7.3 80 4.2 0 0 1.6 7.4 7.3 7.3 1031.9 0 0 0.008 0 26.2 34 9.1 25.4 6.67 1.188 6.7 23 1 100 1
7.3 7.4 7.3 80 4.1 1.6 0.03 3.2 7.3 7.2 7.2 1031.9 0 0 0.008 0 26.2 35 9.5 25.5 6.87 1.1876 6.7 23 1 100 1
7.3 7.3 7.3 80 4.1 0 0 1.6 7.3 7.2 7.2 1031.9 0 0 0.008 0 26.2 34 9.1 25.4 6.67 1.188 6.7 23 1 100 1
7.3 7.3 7.3 80 4.1 0 0 0 7.3 7.2 7.2 1031.9 0 0 0.008 0 26.2 35 9.5 25.5 6.87 1.1876 6.7 23 1 100 1
7.3 7.3 7.3 80 4.1 0 0 1.6 7.3 7.2 7.2 1032 0 0 0.008 0 26.2 35 9.5 25.5 6.87 1.1876 6.7 23 1 100 1
7.3 7.3 7.3 80 4.1 0 0 0 7.3 7.2 7.2 1032 0 0 0.008 0 26.2 35 9.5 25.5 6.87 1.1876 6.7 22 1 95.7 1
7.3 7.3 7.3 80 4.1 0 0 1.6 7.3 7.2 7.2 1032 0 0 0.008 0 26.2 35 9.5 25.5 6.87 1.1876 6.7 23 1 100 1
7.3 7.3 7.3 80 4.1 0 0 1.6 7.3 7.2 7.2 1032 0 0 0.008 0 26.2 34 9.1 25.4 6.67 1.188 6.7 23 1 100 1
7.3 7.3 7.3 80 4.1 4.8 0.08 6.4 6.7 7.2 6.6 1031.9 0 0 0.008 0 26.2 35 9.5 25.5 6.87 1.1876 6.7 23 1 100 1
7.2 7.3 7.2 80 4 3.2 0.05 6.4 7.2 7.1 7.1 1031.9 0 0 0.008 0 26.2 34 9.1 25.4 6.67 1.188 6.7 22 1 95.7 1
7.2 7.3 7.2 80 4 0 0 1.6 7.2 7.1 7.1 1032 0 0 0.008 0 26.2 34 9.1 25.4 6.67 1.188 6.7 22 1 95.7 1
7.2 7.2 7.2 80 4 0 0 1.6 7.2 7.1 7.1 1031.9 0 0 0.008 0 26.2 34 9.1 25.4 6.67 1.188 6.7 23 1 100 1
7.2 7.2 7.2 80 4 0 0 1.6 7.2 7.1 7.1 1031.9 0 0 0.008 0 26.2 34 9.1 25.4 6.67 1.188 6.7 22 1 95.7 1
7.2 7.2 7.2 80 3.9 0 0 0 7.2 7.1 7.1 1032 0 0 0.008 0 26.2 35 9.5 25.5 6.87 1.1876 6.7 24 1 100 1
7.2 7.2 7.2 80 3.9 0 0 0 7.2 7.1 7.1 1032 0 0 0.008 0 26.2 35 9.5 25.5 6.87 1.1877 6.7 22 1 95.7 1
7.1 7.2 7.1 80 3.9 0 0 0 7.1 7 7 1032 0 0 0.008 0 26.2 35 9.5 25.5 6.87 1.1877 6.7 22 1 95.7 1
7.1 7.2 7.1 80 3.9 1.6 0.03 3.2 7.1 7 7 1032 0 0 0.008 0 26.2 35 9.5 25.5 6.87 1.1877 6.7 23 1 100 1
7.1 7.1 7.1 80 3.9 3.2 0.05 6.4 7.1 7 7 1032 0 0 0.008 0 26.2 35 9.5 25.5 6.87 1.1877 6.7 22 1 95.7 1
7.1 7.1 7.1 80 3.8 3.2 0.05 6.4 7.1 6.9 6.9 1032.1 0 0 0.008 0 26.2 35 9.5 25.5 6.87 1.1878 6.7 24 1 100 1
7.1 7.1 7.1 80 3.8 1.6 0.03 3.2 7.1 6.9 6.9 1032.1 0 0 0.008 0 26.2 35 9.5 25.5 6.87 1.1878 6.7 21 1 91.3 1
7 7.1 7 80 3.8 0 0 0 7 6.9 6.9 1032.1 0 0 0.008 0 26.2 34 9.1 25.4 6.67 1.1882 6.7 24 1 100 1
7 7 7 80 3.8 0 0 0 7 6.9 6.9 1032.1 0 0 0.008 0 26.2 35 9.5 25.5 6.87 1.1878 6.1 22 1 95.7 1
6.9 7 6.9 80 3.7 0 0 3.2 6.9 6.8 6.8 1032.1 0 0 0.008 0 26.2 35 9.5 25.5 6.87 1.1878 6.7 23 1 100 1
6.9 6.9 6.9 81 3.9 1.6 0.03 3.2 6.9 6.8 6.8 1032.1 0 0 0.008 0 26.2 34 9.1 25.4 6.67 1.1882 6.7 23 1 100 1
6.9 6.9 6.9 81 3.9 0 0 1.6 6.9 6.8 6.8 1032.2 0 0 0.008 0 26.2 34 9.1 25.4 6.67 1.1883 6.7 22 1 95.7 1
6.9 6.9 6.9 81 3.9 0 0 1.6 6.9 6.8 6.8 1032.1 0 0 0.008 0 26.2 35 9.5 25.5 6.87 1.1878 6.7 24 1 100 1
6.9 6.9 6.9 81 3.9 3.2 0.05 6.4 6.9 6.8 6.8 1032.2 0 0 0.008 0 26.2 34 9.1 25.4 6.67 1.1883 6.7 22 1 95.7 1
6.9 6.9 6.9 81 3.9 0 0 1.6 6.9 6.8 6.8 1032.1 0 0 0.008 0 26.2 34 9.1 25.4 6.67 1.1882 6.7 23 1 100 1
6.9 6.9 6.9 81 3.9 0 0 0 6.9 6.8 6.8 1032.1 0 0 0.008 0 26.2 34 9.1 25.4 6.67 1.1882 6.7 23 1 100 1
6.9 6.9 6.9 81 3.9 0 0 0 6.9 6.8 6.8 1032.1 0 0 0.008 0 26.2 34 9.1 25.4 6.67 1.1882 6.7 22 1 95.7 1
6.9 6.9 6.9 81 3.9 0 0 0 6.9 6.8 6.8 1032.2 0 0 0.008 0 26.2 34 9.1 25.4 6.67 1.1883 6.7 23 1 100 1
6.9 6.9 6.9 81 3.9 0 0 0 6.9 6.8 6.8 1032.2 0 0 0.008 0 26.2 34 9.1 25.4 6.67 1.1883 6.7 23 1 100 1
6.9 6.9 6.9 81 3.9 0 0 0 6.9 6.8 6.8 1032.2 0 0 0.008 0 26.2 34 9.1 25.4 6.67 1.1883 6.7 23 1 100 1
6.9 6.9 6.9 81 3.9 0 0 0 6.9 6.8 6.8 1032.2 0 0 0.008 0 26.2 34 9.1 25.4 6.67 1.1883 6.7 22 1 95.7 1
6.9 6.9 6.9 81 3.9 0 0 0 6.9 6.8 6.8 1032.2 0 0 0.008 0 26.2 34 9.1 25.4 6.67 1.1883 6.7 23 1 100 1
6.9 6.9 6.9 81 3.9 0 0 0 6.9 6.8 6.8 1032.2 0 0 0.008 0 26.2 34 9.1 25.4 6.67 1.1883 7.2 21 1 91.3 1
6.9 6.9 6.9 81 3.9 0 0 0 6.9 6.8 6.8 1032.3 0 0 0.008 0 26.2 34 9.1 25.4 6.67 1.1884 7.2 23 1 100 1
6.9 6.9 6.9 81 3.9 0 0 0 6.9 6.8 6.8 1032.3 0 0 0.008 0 26.2 34 9.1 25.4 6.67 1.1884 7.2 23 1 100 1
7 7 6.9 81 4 0 0 0 7 6.9 6.9 1032.3 0 0 0.008 0 26.2 34 9.1 25.4 6.67 1.1885 7.2 23 1 100 1
7 7 6.9 81 4 0 0 0 7 6.9 6.9 1032.4 0 0 0.008 0 26.2 34 9.1 25.4 6.67 1.1885 6.7 21 1 91.3 1
7 7 7 81 4 0 0 0 7 6.9 6.9 1032.4 0 0 0.008 0 26.2 34 9.1 25.4 6.67 1.1885 6.7 23 1 100 1
7 7 7 81 4 0 0 0 7 6.9 6.9 1032.4 0 0 0.008 0 26.2 34 9.1 25.4 6.67 1.1885 6.7 22 1 95.7 1
7 7 7 81 4 0 0 0 7 6.9 6.9 1032.4 0 0 0.008 0 26.2 34 9.1 25.4 6.67 1.1885 7.2 23 1 100 1
7 7 7 81 4 0 0 0 7 6.9 6.9 1032.4 0 0 0.008 0 26.2 34 9.1 25.4 6.67 1.1885 7.2 23 1 100 1
7 7 7 81 4 0 0 0 7 6.9 6.9 1032.4 0 0 0.008 0 26.2 34 9.1 25.4 6.67 1.1885 6.7 23 1 100 1
7 7 7 81 4 0 0 0 7 6.9 6.9 1032.4 0 0 0.008 0 26.2 34 9.1 25.4 6.67 1.1885 6.7 22 1 95.7 1
7 7 7 81 4 0 0 0 7 6.9 6.9 1032.5 0 0 0.008 0 26.2 34 9.1 25.4 6.67 1.1886 7.2 22 1 95.7 1
7 7.1 7 81 4 0 0 0 7 6.9 6.9 1032.5 0 0 0.008 0 26.2 34 9.1 25.4 6.67 1.1886 6.7 24 1 100 1
7.1 7.1 7 81 4 0 0 0 7.1 6.9 6.9 1032.5 0 0 0.008 0 26.2 34 9.1 25.4 6.67 1.1886 7.2 21 1 91.3 1
7.1 7.1 7 81 4 0 0 0 7.1 6.9 6.9 1032.5 0 0 0.008 0 26.2 34 9.1 25.4 6.67 1.1886 7.2 23 1 100 1
7.1 7.1 7.1 81 4 0 0 0 7.1 6.9 6.9 1032.5 0 0 0.008 0 26.2 34 9.1 25.4 6.67 1.1887 7.2 22 1 95.7 1
7.1 7.1 7.1 81 4 0 0 0 7.1 6.9 6.9 1032.5 0 0 0.008 0 26.2 34 9.1 25.4 6.67 1.1887 7.2 21 1 91.3 1
7.1 7.1 7.1 81 4 0 0 0 7.1 6.9 6.9 1032.5 0 0 0.008 0 26.2 34 9.1 25.4 6.67 1.1887 7.2 24 1 100 1
7.1 7.1 7.1 81 4.1 0 0 0 7.1 7 7 1032.5 0 0 0.008 0 26.2 34 9.1 25.4 6.67 1.1887 7.2 21 1 91.3 1
7.1 7.1 7.1 81 4.1 0 0 0 7.1 7 7 1032.5 0 0 0.008 0 26.2 34 9.1 25.4 6.67 1.1887 7.2 24 1 100 1
7.1 7.1 7.1 81 4.1 0 0 0 7.1 7 7 1032.5 0 0 0.008 0 26.2 34 9.1 25.4 6.67 1.1887 7.2 21 1 91.3 1
7.1 7.2 7.1 81 4.1 0 0 0 7.1 7 7 1032.5 0 0 0.008 0 26.2 34 9.1 25.4 6.67 1.1887 7.2 24 1 100 1
7.2 7.2 7.2 82 4.3 0 0 0 7.2 7.1 7.1 1032.5 0 0 0.008 0 26.2 34 9.1 25.4 6.67 1.1887 7.2 22 1 95.7 1
7.2 7.2 7.2 82 4.4 0 0 0 7.2 7.1 7.1 1032.6 0 0 0.008 0 26.2 34 9.1 25.4 6.67 1.1887 7.2 23 1 100 1
7.2 7.2 7.2 82 4.4 0 0 0 7.2 7.1 7.1 1032.6 0 0 0.008 0 26.2 34 9.1 25.4 6.67 1.1887 7.2 23 1 100 1
7.3 7.3 7.2 82 4.4 0 0 0 7.3 7.2 7.2 1032.6 0 0 0.008 0 26.1 34 9 25.4 6.67 1.1893 7.2 22 1 95.7 1
7.3 7.3 7.3 81 4.3 0 0 0 7.3 7.2 7.2 1032.6 0 0 0.008 0 26.1 34 9 25.4 6.67 1.1893 7.2 24 1 100 1
7.3 7.3 7.3 81 4.3 0 0 0 7.3 7.2 7.2 1032.6 0 0 0.008 0 26.1 34 9 25.4 6.67 1.1893 7.2 22 1 95.7 1
7.4 7.4 7.3 81 4.3 0 0 0 7.4 7.3 7.3 1032.6 0 0 0.008 0 26.1 34 9 25.4 6.67 1.1893 7.2 22 1 95.7 1
7.4 7.4 7.4 81 4.3 0 0 0 7.4 7.3 7.3 1032.6 0 0 0.008 0 26.1 34 9 25.4 6.67 1.1893 7.2 23 1 100 1
7.4 7.4 7.4 81 4.4 0 0 0 7.4 7.3 7.3 1032.6 0 0 0.008 0 26.1 34 9 25.4 6.67 1.1893 7.2 21 1 91.3 1
7.4 7.4 7.4 81 4.4 0 0 0 7.4 7.3 7.3 1032.6 0 0 0.008 0 26.1 34 9 25.4 6.67 1.1893 7.2 23 1 100 1
7.5 7.5 7.4 81 4.4 0 0 0 7.5 7.4 7.4 1032.6 0 0 0.008 0 26.1 34 9 25.4 6.67 1.1893 7.2 20 1 87 1
7.5 7.5 7.5 81 4.4 0 0 0 7.5 7.4 7.4 1032.6 0 0 0.008 0 26.1 34 9 25.4 6.67 1.1893 7.2 22 1 95.7 1
7.5 7.5 7.5 81 4.4 0 0 0 7.5 7.4 7.4 1032.6 0 0 0.008 0 26.1 34 9 25.4 6.67 1.1893 7.2 21 1 91.3 1
7.5 7.5 7.5 81 4.4 0 0 0 7.5 7.4 7.4 1032.6 0 0 0.008 0 26.1 34 9 25.4 6.67 1.1893 7.2 23 1 100 1
7.6 7.6 7.6 81 4.6 0 0 0 7.6 7.5 7.5 1032.7 0 0 0.007 0 26.1 34 9 25.4 6.67 1.1894 7.8 22 1 95.7 1
7.7 7.7 7.6 81 4.6 0 0 0 7.7 7.6 7.6 1032.7 0 0 0.007 0 26.1 34 9 25.4 6.67 1.1894 7.8 21 1 91.3 1
7.7 7.7 7.7 81 4.7 0 0 0 7.7 7.6 7.6 1032.8 0 0 0.007 0 26.1 34 9 25.4 6.67 1.1895 7.8 23 1 100 1
7.7 7.7 7.7 81 4.7 0 0 0 7.7 7.6 7.6 1032.7 0 0 0.007 0 26.1 34 9 25.4 6.67 1.1894 7.8 22 1 95.7 1
7.8 7.8 7.7 81 4.7 0 0 0 7.8 7.7 7.7 1032.8 0 0 0.007 0 26.1 34 9 25.4 6.67 1.1895 7.8 22 1 95.7 1
7.8 7.8 7.8 81 4.7 0 0 0 7.8 7.7 7.7 1032.8 0 0 0.007 0 26.1 34 9 25.4 6.67 1.1895 7.8 23 1 100 1
7.8 7.8 7.8 81 4.7 0 0 0 7.8 7.7 7.7 1032.8 0 0 0.007 0 26.1 34 9 25.4 6.67 1.1895 7.8 23 1 100 1
7.8 7.8 7.8 81 4.8 0 0 0 7.8 7.7 7.7 1032.8 0 0 0.007 0 26.1 34 9 25.4 6.67 1.1895 7.8 23 1 100 1
7.8 7.8 7.8 81 4.8 0 0 0 7.8 7.7 7.7 1032.8 0 0 0.007 0 26.1 34 9 25.4 6.67 1.1895 8.3 23 1 100 1
7.8 7.8 7.8 81 4.8 0 0 0 7.8 7.7 7.7 1032.8 0 0 0.007 0 26.1 34 9 25.4 6.67 1.1895 8.9 20 1 87 1
7.8 7.8 7.8 80 4.6 0 0 0 7.8 7.7 7.7 1032.8 0 0 0.007 0 26.1 34 9 25.4 6.67 1.1895 9.4 23 1 100 1
7.9 7.9 7.8 80 4.6 0 0 0 7.9 7.8 7.8 1032.8 0 0 0.007 0 26.1 34 9 25.4 6.67 1.1895 10 21 1 91.3 1
7.9 7.9 7.9 80 4.6 0 0 0 7.9 7.8 7.8 1032.8 0 0 0.007 0 26.1 34 9 25.4 6.67 1.1895 10.6 22 1 95.7 1
7.9 7.9 7.9 80 4.6 0 0 0 7.9 7.8 7.8 1032.8 0 0 0.007 0 26.1 34 9 25.4 6.67 1.1895 10.6 23 1 100 1
7.9 7.9 7.9 80 4.6 0 0 0 7.9 7.8 7.8 1032.8 0 0 0.007 0 26.1 35 9.4 25.4 6.87 1.1891 10.6 23 1 100 1
7.9 7.9 7.9 80 4.6 0 0 0 7.9 7.8 7.8 1032.9 0 0 0.007 0 26.1 35 9.4 25.4 6.87 1.1892 10.6 23 1 100 1
7.9 7.9 7.9 80 4.6 0 0 0 7.9 7.8 7.8 1032.9 0 0 0.007 0 26.1 35 9.4 25.4 6.87 1.1892 10.6 22 1 95.7 1
7.8 7.9 7.8 80 4.6 1.6 0.03 6.4 7.8 7.7 7.7 1032.9 0 0 0.007 0 26.1 35 9.4 25.4 6.87 1.1893 10.6 24 1 100 1
7.9 7.9 7.9 80 4.6 3.2 0.05 4.8 7.9 7.8 7.8 1033 0 0 0.007 0 26.2 35 9.5 25.5 6.87 1.1888 10 22 1 95.7 1
7.9 7.9 7.9 80 4.6 4.8 0.08 6.4 7.4 7.8 7.3 1033 0 0 0.007 0 26.2 34 9.1 25.4 6.67 1.1892 10 24 1 100 1
7.9 7.9 7.9 80 4.6 3.2 0.05 4.8 7.9 7.8 7.8 1033 0 0 0.007 0 26.2 35 9.5 25.5 6.87 1.1888 9.4 22 1 95.7 1
7.9 7.9 7.9 80 4.6 1.6 0.03 4.8 7.9 7.8 7.8 1033 0 0 0.007 0 26.2 35 9.5 25.5 6.87 1.1888 10 22 1 95.7 1
7.9 7.9 7.9 80 4.6 0 0 0 7.9 7.8 7.8 1033 0 0 0.007 0 26.2 35 9.5 25.5 6.87 1.1888 10 24 1 100 1
7.9 7.9 7.9 80 4.6 0 0 0 7.9 7.8 7.8 1033 0 0 0.007 0 26.2 35 9.5 25.5 6.87 1.1889 10.6 23 1 100 1
7.9 7.9 7.9 80 4.7 0 0 1.6 7.9 7.8 7.8 1033 0 0 0.007 0 26.2 35 9.5 25.5 6.87 1.1888 10.6 24 1 100 1
7.9 7.9 7.9 80 4.7 0 0 1.6 7.9 7.8 7.8 1033 0 0 0.007 0 26.2 35 9.5 25.5 6.87 1.1889 11.1 22 1 95.7 1
7.9 7.9 7.9 80 4.7 0 0 0 7.9 7.8 7.8 1033.1 0 0 0.007 0 26.2 35 9.5 25.5 6.87 1.1889 11.1 24 1 100 1
7.9 7.9 7.9 80 4.7 0 0 0 7.9 7.8 7.8 1033.1 0 0 0.007 0 26.2 35 9.5 25.5 6.87 1.1889 11.1 23 1 100 1
7.9 7.9 7.9 80 4.7 0 0 0 7.9 7.8 7.8 1033.1 0 0 0.007 0 26.2 35 9.5 25.5 6.87 1.1889 11.1 21 1 91.3 1
8 8 8 80 4.8 0 0 0 8 7.9 7.9 1033.1 0 0 0.007 0 26.1 35 9.4 25.4 6.87 1.1895 11.1 24 1 100 1
8 8 8 80 4.8 0 0 0 8 7.9 7.9 1033.1 0 0 0.007 0 26.1 35 9.4 25.4 6.87 1.1895 11.1 23 1 100 1
8 8 8 80 4.8 0 0 0 8 7.9 7.9 1033.1 0 0 0.007 0 26.1 35 9.4 25.4 6.87 1.1895 11.1 24 1 100 1
8.1 8.1 8 80 4.8 0 0 0 8.1 7.9 7.9 1033.1 0 0 0.007 0 26.1 35 9.4 25.4 6.87 1.1895 11.7 22 1 95.7 1
8.1 8.1 8.1 80 4.8 0 0 1.6 8.1 7.9 7.9 1033.1 0 0 0.007 0 26.1 35 9.4 25.4 6.87 1.1895 11.7 23 1 100 1
8.1 8.1 8.1 80 4.8 3.2 0.05 6.4 8.1 7.9 7.9 1033.1 0 0 0.007 0 26.1 35 9.4 25.4 6.87 1.1895 11.7 24 1 100 1
8.1 8.1 8.1 80 4.8 6.4 0.11 6.4 7.1 7.9 7 1033.1 0 0 0.007 0 26.1 35 9.4 25.4 6.87 1.1895 11.1 23 1 100 1
8.1 8.1 8.1 80 4.8 3.2 0.05 4.8 8.1 7.9 7.9 1033.2 0 0 0.007 0 26.1 35 9.4 25.4 6.87 1.1896 11.1 24 1 100 1
8.1 8.1 8.1 80 4.8 1.6 0.03 6.4 8.1 7.9 7.9 1033.2 0 0 0.007 0 26.1 35 9.4 25.4 6.87 1.1896 11.1 23 1 100 1
8.1 8.1 8.1 80 4.8 6.4 0.11 8 7.1 7.9 7 1033.3 0 0 0.007 0 26.1 35 9.4 25.4 6.87 1.1897 10.6 24 1 100 1
8.1 8.1 8.1 80 4.9 4.8 0.08 8 7.7 8 7.6 1033.3 0 0 0.007 0 26.1 35 9.4 25.4 6.87 1.1897 11.1 23 1 100 1
8.1 8.1 8.1 80 4.9 3.2 0.05 4.8 8.1 8 8 1033.3 0 0 0.007 0 26.1 35 9.4 25.4 6.87 1.1897 11.1 23 1 100 1
8.1 8.1 8.1 80 4.9 4.8 0.08 6.4 7.7 8 7.6 1033.3 0 0 0.007 0 26.1 35 9.4 25.4 6.87 1.1897 11.1 24 1 100 1
8.2 8.2 8.1 80 4.9 3.2 0.05 4.8 8.2 8.1 8.1 1033.3 0 0 0.007 0 26.1 35 9.4 25.4 6.87 1.1897 11.1 23 1 100 1
8.2 8.2 8.2 80 4.9 1.6 0.03 4.8 8.2 8.1 8.1 1033.3 0 0 0.007 0 26.1 35 9.4 25.4 6.87 1.1897 11.1 24 1 100 1
8.2 8.2 8.2 80 4.9 1.6 0.03 3.2 8.2 8.1 8.1 1033.3 0 0 0.007 0 26.1 35 9.4 25.4 6.87 1.1897 11.1 23 1 100 1
8.2 8.2 8.2 80 5 3.2 0.05 6.4 8.2 8.1 8.1 1033.4 0 0 0.007 0 26.1 35 9.4 25.4 6.87 1.1898 11.7 23 1 100 1
8.2 8.2 8.2 79 4.8 3.2 0.05 6.4 8.2 8.1 8.1 1033.4 0 0 0.007 0 26.1 35 9.4 25.4 6.87 1.1898 11.7 23 1 100 1
8.2 8.2 8.2 79 4.8 4.8 0.08 6.4 7.8 8.1 7.7 1033.4 0 0 0.007 0 26.1 35 9.4 25.4 6.87 1.1898 11.1 23 1 100 1
8.2 8.2 8.2 79 4.8 6.4 0.11 9.7 7.3 8.1 7.2 1033.4 0 0 0.007 0 26.1 35 9.4 25.4 6.87 1.1898 11.1 24 1 100 1
8.2 8.2 8.2 79 4.8 4.8 0.08 8 7.8 8.1 7.7 1033.4 0 0 0.007 0 26.1 35 9.4 25.4 6.87 1.1899 11.1 23 1 100 1
8.2 8.2 8.2 79 4.7 3.2 0.05 6.4 8.2 8.1 8.1 1033.4 0 0 0.007 0 26.1 35 9.4 25.4 6.87 1.1899 11.1 23 1 100 1
8.2 8.2 8.2 79 4.7 3.2 0.05 4.8 8.2 8.1 8.1 1033.4 0 0 0.007 0 26.1 35 9.4 25.4 6.87 1.1899 11.7 24 1 100 1
8.2 8.2 8.2 79 4.7 4.8 0.08 6.4 7.8 8.1 7.7 1033.5 0 0 0.007 0 26.1 35 9.4 25.4 6.87 1.1899 11.7 23 1 100 1
8.2 8.2 8.2 79 4.7 3.2 0.05 6.4 8.2 8.1 8.1 1033.5 0 0 0.007 0 26.1 35 9.4 25.4 6.87 1.1899 11.7 24 1 100 1
8.2 8.2 8.2 79 4.7 4.8 0.08 6.4 7.8 8.1 7.7 1033.6 0 0 0.007 0 26.1 35 9.4 25.4 6.87 1.19 11.7 21 1 91.3 1
8.2 8.2 8.2 79 4.7 4.8 0.08 8 7.8 8.1 7.7 1033.6 0 0 0.007 0 26.1 35 9.4 25.4 6.87 1.19 11.1 24 1 100 1
8.2 8.2 8.2 79 4.7 4.8 0.08 6.4 7.8 8.1 7.7 1033.6 0 0 0.007 0 26.1 35 9.4 25.4 6.87 1.1901 11.1 22 1 95.7 1
8.1 8.2 8.1 79 4.7 4.8 0.08 6.4 7.7 8 7.6 1033.6 0 0 0.007 0 26.1 35 9.4 25.4 6.87 1.1901 11.1 23 1 100 1
8.1 8.1 8.1 79 4.7 3.2 0.05 4.8 8.1 8 8 1033.6 0 0 0.007 0 26.1 35 9.4 25.4 6.87 1.1901 11.7 23 1 100 1
8.2 8.2 8.1 79 4.7 1.6 0.03 3.2 8.2 8.1 8.1 1033.6 0 0 0.007 0 26.1 35 9.4 25.4 6.87 1.1901 11.7 23 1 100 1
8.2 8.2 8.1 79 4.7 1.6 0.03 3.2 8.2 8.1 8.1 1033.6 0 0 0.007 0 26.1 35 9.4 25.4 6.87 1.1901 12.2 23 1 100 1
8.2 8.2 8.2 79 4.8 0 0 1.6 8.2 8.1 8.1 1033.6 0 0 0.007 0 26.1 35 9.4 25.4 6.87 1.1901 12.2 22 1 95.7 1
8.2 8.2 8.2 79 4.8 3.2 0.05 6.4 8.2 8.1 8.1 1033.6 0 0 0.007 0 26.1 35 9.4 25.4 6.87 1.1901 11.7 23 1 100 1
8.2 8.2 8.2 79 4.8 3.2 0.05 4.8 8.2 8.1 8.1 1033.7 0 0 0.007 0 26.1 35 9.4 25.4 6.87 1.1901 12.2 24 1 100 1
8.2 8.2 8.2 79 4.8 4.8 0.08 8 7.8 8.1 7.7 1033.6 0 0 0.007 0 26.1 35 9.4 25.4 6.87 1.1901 11.7 22 1 95.7 1
8.2 8.2 8.2 79 4.8 3.2 0.05 4.8 8.2 8.1 8.1 1033.6 0 0 0.007 0 26.1 35 9.4 25.4 6.87 1.1901 11.7 24 1 100 1
8.2 8.2 8.2 79 4.8 3.2 0.05 6.4 8.2 8.1 8.1 1033.6 0 0 0.007 0 26.1 35 9.4 25.4 6.87 1.1901 11.7 22 1 95.7 1
8.3 8.3 8.2 79 4.8 4.8 0.08 8 7.9 8.2 7.8 1033.6 0 0 0.007 0 26.1 35 9.4 25.4 6.87 1.1901 11.7 23 1 100 1
8.3 8.3 8.3 79 4.8 3.2 0.05 4.8 8.3 8.2 8.2 1033.6 0 0 0.007 0 26.1 35 9.4 25.4 6.87 1.1901 11.7 20 1 87 1
8.3 8.3 8.3 78 4.7 4.8 0.08 8 7.9 8.2 7.8 1033.6 0 0 0.007 0 26.1 35 9.4 25.4 6.87 1.1901 12.2 23 1 100 1
8.3 8.3 8.3 78 4.7 6.4 0.11 9.7 7.4 8.2 7.3 1033.6 0 0 0.007 0 26.1 35 9.4 25.4 6.87 1.1901 11.7 23 1 100 1
8.3 8.3 8.3 78 4.7 1.6 0.03 6.4 8.3 8.2 8.2 1033.6 0 0 0.007 0 26.1 35 9.4 25.4 6.87 1.19 11.7 23 1 100 1
8.3 8.3 8.2 78 4.7 1.6 0.03 4.8 8.3 8.2 8.2 1033.6 0 0 0.007 0 26.1 35 9.4 25.4 6.87 1.1901 11.7 22 1 95.7 1
8.3 8.3 8.3 78 4.7 3.2 0.05 4.8 8.3 8.2 8.2 1033.6 0 0 0.007 0 26.1 35 9.4 25.4 6.87 1.1901 12.2 23 1 100 1
8.3 8.3 8.3 78 4.7 4.8 0.08 8 7.9 8.2 7.8 1033.6 0 0 0.007 0 26.1 35 9.4 25.4 6.87 1.1901 12.2 21 1 91.3 1
8.3 8.3 8.3 78 4.7 4.8 0.08 6.4 7.9 8.2 7.8 1033.7 0 0 0.007 0 26.1 35 9.4 25.4 6.87 1.1901 12.2 24 1 100 1
8.3 8.3 8.3 78 4.7 4.8 0.08 6.4 7.9 8.2 7.8 1033.6 0 0 0.007 0 26.1 35 9.4 25.4 6.87 1.1901 12.2 22 1 95.7 1
8.4 8.4 8.3 78 4.8 6.4 0.11 8 7.5 8.3 7.4 1033.7 0 0 0.007 0 26.1 35 9.4 25.4 6.87 1.1901 12.2 24 1 100 1
8.4 8.4 8.3 78 4.8 3.2 0.05 6.4 8.4 8.3 8.3 1033.7 0 0 0.007 0 26.1 35 9.4 25.4 6.87 1.1902 12.2 22 1 95.7 1
8.4 8.4 8.4 78 4.8 1.6 0.03 6.4 8.4 8.3 8.3 1033.7 0 0 0.007 0 26.1 35 9.4 25.4 6.87 1.1902 12.2 23 1 100 1
8.4 8.4 8.4 78 4.8 4.8 0.08 8 8 8.3 7.9 1033.7 0 0 0.007 0 26.1 35 9.4 25.4 6.87 1.1902 12.2 23 1 100 1
8.4 8.4 8.4 78 4.8 3.2 0.05 4.8 8.4 8.3 8.3 1033.7 0 0 0.007 0 26.1 35 9.4 25.4 6.87 1.1902 12.2 21 1 91.3 1
8.4 8.4 8.4 78 4.8 3.2 0.05 6.4 8.4 8.3 8.3 1033.7 0 0 0.007 0 26.1 35 9.4 25.4 6.87 1.1902 12.2 24 1 100 1
8.4 8.5 8.4 78 4.8 3.2 0.05 4.8 8.4 8.3 8.3 1033.7 0 0 0.007 0 26.1 35 9.4 25.4 6.87 1.1902 12.8 23 1 100 1
8.5 8.5 8.4 77 4.7 1.6 0.03 4.8 8.5 8.4 8.4 1033.7 0 0 0.007 0 26.1 35 9.4 25.4 6.87 1.1902 12.8 24 1 100 1
8.5 8.5 8.5 77 4.7 0 0 0 8.5 8.4 8.4 1033.8 0 0 0.007 0 26.1 35 9.4 25.4 6.87 1.1903 13.3 22 1 95.7 1
8.6 8.6 8.5 78 4.9 0 0 0 8.6 8.4 8.4 1033.8 0 0 0.007 0 26.1 35 9.4 25.4 6.87 1.1903 13.3 22 1 95.7 1
8.6 8.6 8.6 78 5 3.2 0.05 6.4 8.6 8.5 8.5 1033.8 0 0 0.007 0 26.1 35 9.4 25.4 6.87 1.1903 13.9 24 1 100 1
8.6 8.6 8.6 77 4.8 4.8 0.08 4.8 8.2 8.5 8.1 1033.8 0 0 0.007 0 26.1 35 9.4 25.4 6.87 1.1903 12.8 23 1 100 1
8.6 8.6 8.6 77 4.8 3.2 0.05 4.8 8.6 8.5 8.5 1033.8 0 0 0.007 0 26.1 35 9.4 25.4 6.87 1.1903 12.8 23 1 100 1
8.6 8.6 8.6 77 4.8 3.2 0.05 6.4 8.6 8.5 8.5 1033.8 0 0 0.007 0 26.1 35 9.4 25.4 6.87 1.1903 12.8 23 1 100 1
8.6 8.6 8.6 77 4.8 3.2 0.05 4.8 8.6 8.5 8.5 1033.8 0 0 0.007 0 26.1 35 9.4 25.4 6.87 1.1903 12.8 23 1 100 1
8.6 8.6 8.6 77 4.8 3.2 0.05 6.4 8.6 8.5 8.5 1033.8 0 0 0.007 0 26.1 35 9.4 25.4 6.87 1.1903 12.2 24 1 100 1
8.6 8.6 8.6 77 4.8 6.4 0.11 6.4 7.8 8.5 7.7 1033.8 0 0 0.007 0 26.1 35 9.4 25.4 6.87 1.1903 12.2 23 1 100 1
8.6 8.6 8.6 77 4.8 3.2 0.05 6.4 8.6 8.5 8.5 1033.8 0 0 0.007 0 26.1 35 9.4 25.4 6.87 1.1903 12.8 23 1 100 1
8.6 8.6 8.6 77 4.8 0 0 1.6 8.6 8.5 8.5 1033.8 0 0 0.007 0 26.1 35 9.4 25.4 6.87 1.1903 12.8 23 1 100 1
8.7 8.7 8.7 77 4.9 0 0 1.6 8.7 8.6 8.6 1033.8 0 0 0.007 0 26.1 35 9.4 25.4 6.87 1.1903 13.3 24 1 100 1
8.7 8.7 8.7 77 4.9 1.6 0.03 3.2 8.7 8.6 8.6 1033.8 0 0 0.007 0 26.1 35 9.4 25.4 6.87 1.1903 13.3 23 1 100 1
8.7 8.7 8.7 77 4.9 3.2 0.05 4.8 8.7 8.6 8.6 1033.8 0 0 0.007 0 26.1 35 9.4 25.4 6.87 1.1903 13.9 23 1 100 1
8.8 8.8 8.8 76 4.8 4.8 0.08 6.4 8.4 8.6 8.3 1033.8 0 0 0.007 0 26.1 35 9.4 25.4 6.87 1.1903 13.3 22 1 95.7 1
8.8 8.8 8.8 76 4.8 3.2 0.05 8 8.8 8.6 8.6 1033.8 0 0 0.007 0 26.1 35 9.4 25.4 6.87 1.1903 13.3 23 1 100 1
8.8 8.8 8.8 76 4.8 3.2 0.05 6.4 8.8 8.6 8.6 1033.8 0 0 0.007 0 26.1 35 9.4 25.4 6.87 1.1903 13.3 24 1 100 1
8.8 8.8 8.8 76 4.8 1.6 0.03 4.8 8.8 8.6 8.6 1033.8 0 0 0.007 0 26.1 35 9.4 25.4 6.87 1.1903 13.3 23 1 100 1
8.8 8.8 8.8 76 4.8 1.6 0.03 3.2 8.8 8.6 8.6 1033.8 0 0 0.007 0 26.1 35 9.4 25.4 6.87 1.1903 13.9 23 1 100 1
8.8 8.8 8.8 76 4.8 3.2 0.05 4.8 8.8 8.7 8.7 1033.8 0 0 0.007 0 26.1 35 9.4 25.4 6.87 1.1903 13.9 24 1 100 1
8.8 8.8 8.8 76 4.8 1.6 0.03 3.2 8.8 8.7 8.7 1033.8 0 0 0.007 0 26.1 35 9.4 25.4 6.87 1.1903 13.9 23 1 100 1
8.8 8.8 8.8 76 4.8 0 0 0 8.8 8.7 8.7 1033.7 0 0 0.007 0 26.1 35 9.4 25.4 6.87 1.1902 13.9 23 1 100 1
8.8 8.8 8.8 76 4.8 0 0 0 8.8 8.7 8.7 1033.8 0 0 0.007 0 26.1 35 9.4 25.4 6.87 1.1903 13.9 23 1 100 1
8.8 8.8 8.8 76 4.8 0 0 0 8.8 8.7 8.7 1033.8 0 0 0.007 0 26.1 35 9.4 25.4 6.87 1.1903 13.9 24 1 100 1
8.8 8.8 8.8 76 4.8 0 0 0 8.8 8.7 8.7 1033.8 0 0 0.007 0 26.1 35 9.4 25.4 6.87 1.1903 13.3 23 1 100 1
8.8 8.8 8.8 76 4.8 1.6 0.03 4.8 8.8 8.7 8.7 1033.8 0 0 0.007 0 26.1 35 9.4 25.4 6.87 1.1903 13.9 23 1 100 1
8.8 8.8 8.8 76 4.8 4.8 0.08 6.4 8.5 8.7 8.3 1033.8 0 0 0.007 0 26.1 35 9.4 25.4 6.87 1.1903 13.3 23 1 100 1
8.8 8.8 8.8 75 4.6 4.8 0.08 6.4 8.5 8.7 8.3 1033.9 0 0 0.007 0 26.1 35 9.4 25.4 6.87 1.1904 13.3 22 1 95.7 1
8.8 8.8 8.8 75 4.6 4.8 0.08 6.4 8.5 8.7 8.3 1033.8 0 0 0.007 0 26.1 35 9.4 25.4 6.87 1.1903 12.8 24 1 100 1
8.8 8.8 8.8 75 4.6 4.8 0.08 8 8.5 8.7 8.3 1033.9 0 0 0.007 0 26.1 35 9.4 25.4 6.87 1.1904 13.3 22 1 95.7 1
8.8 8.8 8.8 76 4.8 1.6 0.03 4.8 8.8 8.7 8.7 1033.9 0 0 0.007 0 26.1 35 9.4 25.4 6.87 1.1905 13.3 22 1 95.7 1
8.8 8.8 8.8 76 4.8 1.6 0.03 3.2 8.8 8.7 8.7 1033.9 0 0 0.007 0 26.1 35 9.4 25.4 6.87 1.1905 13.9 24 1 100 1
8.9 8.9 8.9 76 4.9 4.8 0.08 8 8.6 8.7 8.4 1033.9 0 0 0.007 0 26.1 35 9.4 25.4 6.87 1.1905 13.9 23 1 100 1
8.9 8.9 8.9 75 4.7 6.4 0.11 9.7 8.1 8.7 7.9 1034 0 0 0.007 0 26.1 35 9.4 25.4 6.87 1.1905 13.3 24 1 100 1
8.9 8.9 8.9 75 4.7 8 0.13 11.3 7.7 8.7 7.6 1034 0 0 0.007 0 26.1 35 9.4 25.4 6.87 1.1905 12.8 23 1 100 1
8.9 8.9 8.9 75 4.7 6.4 0.11 9.7 8.1 8.7 7.9 1034 0 0 0.007 0 26.1 35 9.4 25.4 6.87 1.1905 12.2 24 1 100 1
8.9 8.9 8.9 75 4.7 4.8 0.08 6.4 8.6 8.7 8.4 1034 0 0 0.007 0 26.1 35 9.4 25.4 6.87 1.1905 12.8 23 1 100 1
8.9 8.9 8.9 75 4.7 9.7 0.16 14.5 7.4 8.7 7.2 1034 0 0 0.007 0 26.1 35 9.4 25.4 6.87 1.1906 12.8 23 1 100 1
8.9 8.9 8.9 75 4.7 6.4 0.11 14.5 8.2 8.8 8 1034.1 0 0 0.007 0 26.1 35 9.4 25.4 6.87 1.1906 12.2 24 1 100 1
9 9 8.9 75 4.8 8 0.13 11.3 7.8 8.8 7.7 1034.1 0 0 0.006 0 26.1 35 9.4 25.4 6.87 1.1906 12.8 22 1 95.7 1
9 9 9 75 4.8 8 0.13 11.3 7.8 8.8 7.7 1034.1 0 0 0.006 0 26.1 35 9.4 25.4 6.87 1.1906 12.2 24 1 100 1
9 9 9 75 4.8 8 0.13 9.7 7.8 8.8 7.7 1034.1 0 0 0.006 0 26.1 35 9.4 25.4 6.87 1.1906 12.2 20 1 87 1
9 9 8.9 75 4.8 8 0.13 12.9 7.8 8.8 7.7 1034 0 0 0.006 0 26.1 35 9.4 25.4 6.87 1.1906 12.2 22 1 95.7 1
9 9 9 75 4.8 8 0.13 11.3 7.8 8.8 7.7 1034.1 0 0 0.006 0 26.1 35 9.4 25.4 6.87 1.1906 12.8 22 1 95.7 1
8.9 9 8.9 75 4.7 9.7 0.16 12.9 7.4 8.8 7.3 1034.1 0 0 0.007 0 26.1 35 9.4 25.4 6.87 1.1906 12.2 22 1 95.7 1
8.9 8.9 8.9 75 4.7 4.8 0.08 8 8.6 8.8 8.4 1034.1 0 0 0.007 0 26.1 35 9.4 25.4 6.87 1.1906 12.2 23 1 100 1
8.9 8.9 8.9 75 4.7 3.2 0.05 9.7 8.9 8.8 8.8 1034 0 0 0.007 0 26.1 35 9.4 25.4 6.87 1.1906 12.8 22 1 95.7 1
8.9 8.9 8.9 75 4.7 8 0.13 12.9 7.8 8.8 7.6 1034.1 0 0 0.007 0 26.1 35 9.4 25.4 6.87 1.1906 12.8 23 1 100 1
8.9 9 8.9 75 4.7 8 0.13 11.3 7.8 8.8 7.6 1034 0 0 0.007 0 26.1 35 9.4 25.4 6.87 1.1905 12.8 22 1 95.7 1
8.9 9 8.9 75 4.7 8 0.13 11.3 7.8 8.8 7.6 1034 0 0 0.007 0 26.1 35 9.4 25.4 6.87 1.1906 12.2 21 1 91.3 1
8.9 8.9 8.9 75 4.7 8 0.13 9.7 7.8 8.8 7.6 1034 0 0 0.007 0 26.1 35 9.4 25.4 6.87 1.1905 12.2 22 1 95.7 1
8.9 8.9 8.9 75 4.7 6.4 0.11 9.7 8.2 8.8 8 1034 0 0 0.007 0 26.1 35 9.4 25.4 6.87 1.1905 12.2 22 1 95.7 1
8.9 8.9 8.9 75 4.7 8 0.13 11.3 7.7 8.7 7.6 1034 0 0 0.007 0 26.1 35 9.4 25.4 6.87 1.1905 11.7 23 1 100 1
8.8 8.9 8.8 75 4.6 4.8 0.08 6.4 8.5 8.7 8.3 1034 0 0 0.007 0 26.1 35 9.4 25.4 6.87 1.1905 11.7 22 1 95.7 1
8.8 8.8 8.8 75 4.6 3.2 0.05 4.8 8.8 8.7 8.7 1034 0 0 0.007 0 26.1 35 9.4 25.4 6.87 1.1906 12.8 22 1 95.7 1
8.9 8.9 8.8 76 4.9 8 0.13 9.7 7.7 8.7 7.6 1034.1 0 0 0.007 0 26.1 35 9.4 25.4 6.87 1.1906 12.8 22 1 95.7 1
8.9 8.9 8.9 76 4.9 8 0.13 11.3 7.7 8.7 7.6 1034.1 0 0 0.007 0 26.1 35 9.4 25.4 6.87 1.1906 12.8 23 1 100 1
8.9 8.9 8.9 76 4.9 6.4 0.11 11.3 8.1 8.7 7.9 1034.1 0 0 0.007 0 26.1 35 9.4 25.4 6.87 1.1906 12.8 23 1 100 1
8.9 8.9 8.9 75 4.7 3.2 0.05 4.8 8.9 8.7 8.7 1034.1 0 0 0.007 0 26.1 35 9.4 25.4 6.87 1.1906 13.3 22 1 95.7 1
9 9 8.9 76 5 4.8 0.08 8 8.7 8.8 8.5 1034.1 0 0 0.006 0 26.1 35 9.4 25.4 6.87 1.1907 13.3 22 1 95.7 1
8.9 9 8.9 75 4.7 4.8 0.08 8 8.6 8.8 8.4 1034.1 0 0 0.007 0 26.1 35 9.4 25.4 6.87 1.1907 13.3 23 1 100 1
8.9 9 8.9 75 4.7 4.8 0.08 6.4 8.6 8.8 8.4 1034.2 0 0 0.007 0 26.1 35 9.4 25.4 6.87 1.1908 13.3 23 1 100 1
9 9 8.9 75 4.8 4.8 0.08 6.4 8.7 8.8 8.5 1034.2 0 0 0.006 0 26.1 35 9.4 25.4 6.87 1.1907 12.8 23 1 100 1
9 9 9 75 4.8 6.4 0.11 9.7 8.2 8.8 8.1 1034.2 0 0 0.006 0 26.1 35 9.4 25.4 6.87 1.1907 13.3 23 1 100 1
9 9 9 75 4.8 6.4 0.11 9.7 8.2 8.8 8.1 1034.2 0 0 0.006 0 26.1 35 9.4 25.4 6.87 1.1907 12.8 22 1 95.7 1
8.9 9 8.9 75 4.7 3.2 0.05 6.4 8.9 8.8 8.8 1034.2 0 0 0.007 0 26.1 35 9.4 25.4 6.87 1.1908 12.8 23 1 100 1
8.9 8.9 8.9 75 4.7 3.2 0.05 4.8 8.9 8.8 8.8 1034.2 0 0 0.007 0 26.1 35 9.4 25.4 6.87 1.1908 12.8 22 1 95.7 1
8.9 8.9 8.9 75 4.7 4.8 0.08 6.4 8.6 8.8 8.4 1034.2 0 0 0.007 0 26.1 35 9.4 25.4 6.87 1.1908 12.8 23 1 100 1
8.9 8.9 8.9 75 4.7 4.8 0.08 9.7 8.6 8.8 8.4 1034.2 0 0 0.007 0 26.1 35 9.4 25.4 6.87 1.1908 13.3 22 1 95.7 1
9 9 8.9 75 4.8 6.4 0.11 9.7 8.2 8.8 8.1 1034.2 0 0 0.006 0 26.1 35 9.4 25.4 6.87 1.1908 13.3 23 1 100 1
9 9 9 75 4.8 4.8 0.08 6.4 8.7 8.8 8.5 1034.2 0 0 0.006 0 26.1 35 9.4 25.4 6.87 1.1908 13.3 23 1 100 1
9 9 9 75 4.8 4.8 0.08 8 8.7 8.8 8.5 1034.2 0 0 0.006 0 26.1 35 9.4 25.4 6.87 1.1908 13.9 22 1 95.7 1
9 9 9 75 4.8 4.8 0.08 8 8.7 8.8 8.5 1034.3 0 0 0.006 0 26.1 35 9.4 25.4 6.87 1.1908 13.9 24 1 100 1
9 9 9 75 4.8 4.8 0.08 6.4 8.7 8.8 8.5 1034.3 0 0 0.006 0 26.1 35 9.4 25.4 6.87 1.1909 13.9 21 1 91.3 1
9.1 9.1 9 75 4.9 3.2 0.05 6.4 9.1 8.9 8.9 1034.3 0 0 0.006 0 26.1 35 9.4 25.4 6.87 1.1909 13.9 23 1 100 1
9.1 9.1 9.1 78 5.4 6.4 0.11 9.7 8.3 8.9 8.2 1034.3 0 0 0.006 0 26.1 35 9.4 25.4 6.87 1.1909 13.9 22 1 95.7 1
9.1 9.1 9.1 75 4.9 3.2 0.05 6.4 9.1 8.9 8.9 1034.4 0 0 0.006 0 26.1 35 9.4 25.4 6.87 1.191 13.9 22 1 95.7 1
9.1 9.1 9.1 75 4.9 1.6 0.03 3.2 9.1 8.9 8.9 1034.3 0 0 0.006 0 26.1 35 9.4 25.4 6.87 1.1909 14.4 23 1 100 1
9.2 9.2 9.1 75 5 4.8 0.08 8 8.9 9 8.7 1034.3 0 0 0.006 0 26.1 35 9.4 25.4 6.87 1.1909 13.9 21 1 91.3 1
9.2 9.2 9.2 75 5 4.8 0.08 8 8.9 9 8.7 1034.3 0 0 0.006 0 26.1 35 9.4 25.4 6.87 1.1909 13.9 24 1 100 1
9.2 9.2 9.2 75 5 3.2 0.05 6.4 9.2 9.1 9.1 1034.4 0 0 0.006 0 26.1 35 9.4 25.4 6.87 1.191 13.9 21 1 91.3 1
9.2 9.2 9.2 75 5 4.8 0.08 8 8.9 9.1 8.8 1034.4 0 0 0.006 0 26.1 35 9.4 25.4 6.87 1.191 13.9 24 1 100 1
9.3 9.3 9.2 75 5.1 3.2 0.05 4.8 9.3 9.1 9.1 1034.3 0 0 0.006 0 26.1 35 9.4 25.4 6.87 1.1909 14.4 22 1 95.7 1
9.3 9.3 9.3 75 5.1 4.8 0.08 9.7 9.1 9.2 8.9 1034.4 0 0 0.006 0 26.1 35 9.4 25.4 6.87 1.191 14.4 23 1 100 1
9.4 9.4 9.3 74 5 6.4 0.11 8 8.7 9.2 8.5 1034.4 0 0 0.006 0 26.1 35 9.4 25.4 6.87 1.191 13.9 21 1 91.3 1
9.4 9.4 9.4 74 5 6.4 0.11 6.4 8.7 9.2 8.5 1034.4 0 0 0.006 0 26.1 35 9.4 25.4 6.87 1.191 13.3 22 1 95.7 1
9.4 9.4 9.3 74 5 4.8 0.08 6.4 9.1 9.2 8.9 1034.4 0 0 0.006 0 26.1 35 9.4 25.4 6.87 1.191 13.3 24 1 100 1
9.4 9.4 9.4 74 5 1.6 0.03 3.2 9.4 9.2 9.2 1034.3 0 0 0.006 0 26.1 35 9.4 25.4 6.87 1.1909 14.4 21 1 91.3 1
9.4 9.4 9.4 74 5 1.6 0.03 6.4 9.4 9.3 9.3 1034.4 0 0 0.006 0 26.1 35 9.4 25.4 6.87 1.191 15 24 1 100 1
9.5 9.5 9.5 74 5.1 8 0.13 11.3 8.4 9.3 8.2 1034.4 0 0 0.006 0 26.1 35 9.4 25.4 6.87 1.191 13.9 22 1 95.7 1
9.5 9.5 9.5 74 5.1 8 0.13 11.3 8.4 9.3 8.2 1034.4 0 0 0.006 0 26.1 35 9.4 25.4 6.87 1.191 13.3 22 1 95.7 1
9.4 9.5 9.4 74 5 4.8 0.08 6.4 9.2 9.3 9 1034.4 0 0 0.006 0 26.1 35 9.4 25.4 6.87 1.191 12.8 21 1 91.3 1
9.5 9.5 9.4 74 5.1 1.6 0.03 4.8 9.5 9.3 9.3 1034.4 0 0 0.006 0 26.1 35 9.4 25.4 6.87 1.191 13.3 23 1 100 1
9.5 9.5 9.5 74 5.1 1.6 0.03 3.2 9.5 9.3 9.3 1034.4 0 0 0.006 0 26.1 35 9.4 25.4 6.87 1.191 13.9 23 1 100 1
9.5 9.5 9.5 74 5.1 3.2 0.05 4.8 9.5 9.3 9.3 1034.4 0 0 0.006 0 26.1 35 9.4 25.4 6.87 1.191 13.9 22 1 95.7 1
9.6 9.6 9.5 74 5.1 1.6 0.03 4.8 9.6 9.4 9.4 1034.4 0 0 0.006 0 26.1 35 9.4 25.4 6.87 1.191 15 22 1 95.7 1
9.6 9.6 9.6 74 5.2 3.2 0.05 6.4 9.6 9.4 9.4 1034.4 0 0 0.006 0 26.1 35 9.4 25.4 6.87 1.191 15 23 1 100 1
9.7 9.7 9.6 74 5.3 6.4 0.11 8 9 9.5 8.8 1034.4 0 0 0.006 0 26.1 35 9.4 25.4 6.87 1.191 15 22 1 95.7 1
9.7 9.7 9.7 74 5.3 4.8 0.08 6.4 9.5 9.6 9.3 1034.4 0 0 0.006 0 26.1 35 9.4 25.4 6.87 1.191 14.4 23 1 100 1
9.7 9.7 9.7 73 5.1 6.4 0.11 9.7 9 9.5 8.8 1034.4 0 0 0.006 0 26.1 35 9.4 25.4 6.87 1.191 14.4 21 1 91.3 1
9.7 9.7 9.7 74 5.3 3.2 0.05 6.4 9.7 9.6 9.6 1034.4 0 0 0.006 0 26.1 35 9.4 25.4 6.87 1.191 15 23 1 100 1
9.8 9.8 9.8 74 5.4 4.8 0.08 9.7 9.6 9.6 9.4 1034.4 0 0 0.006 0 26.1 35 9.4 25.4 6.87 1.191 15 21 1 91.3 1
9.8 9.8 9.8 73 5.2 6.4 0.11 9.7 9.2 9.7 9 1034.4 0 0 0.006 0 26.1 35 9.4 25.4 6.87 1.191 14.4 23 1 100 1
9.9 9.9 9.8 73 5.3 4.8 0.08 6.4 9.7 9.7 9.6 1034.4 0 0 0.006 0 26.1 35 9.4 25.4 6.87 1.191 14.4 21 1 91.3 1
9.9 9.9 9.9 73 5.3 6.4 0.11 11.3 9.3 9.7 9.1 1034.5 0 0 0.006 0 26.1 35 9.4 25.4 6.87 1.1911 13.9 23 1 100 1
9.9 9.9 9.9 73 5.3 6.4 0.11 12.9 9.3 9.7 9.1 1034.4 0 0 0.006 0 26.1 35 9.4 25.4 6.87 1.191 13.9 22 1 95.7 1
9.8 9.9 9.8 73 5.2 11.3 0.19 12.9 8.2 9.7 8.1 1034.5 0 0 0.006 0 26.1 35 9.4 25.4 6.87 1.1911 13.3 22 1 95.7 1
9.8 9.8 9.8 72 5 8 0.13 12.9 8.7 9.6 8.6 1034.5 0 0 0.006 0 26.1 35 9.4 25.4 6.87 1.1912 13.3 22 1 95.7 1
9.7 9.8 9.7 72 4.9 8 0.13 9.7 8.7 9.6 8.5 1034.5 0 0 0.006 0 26.1 35 9.4 25.4 6.87 1.1911 12.8 23 1 100 1
9.7 9.7 9.7 72 4.9 8 0.13 12.9 8.7 9.6 8.5 1034.5 0 0 0.006 0 26.1 35 9.4 25.4 6.87 1.1912 12.8 23 1 100 1
9.7 9.7 9.7 72 4.9 6.4 0.11 8 9 9.5 8.8 1034.6 0 0 0.006 0 26.1 35 9.4 25.4 6.87 1.1912 13.3 23 1 100 1
9.7 9.7 9.7 72 4.9 6.4 0.11 8 9 9.5 8.8 1034.5 0 0 0.006 0 26.2 35 9.5 25.5 6.87 1.1906 13.3 22 1 95.7 1
9.7 9.7 9.7 72 4.9 3.2 0.05 6.4 9.7 9.6 9.6 1034.5 0 0 0.006 0 26.2 35 9.5 25.5 6.87 1.1906 13.3 21 1 91.3 1
9.7 9.7 9.7 73 5.1 4.8 0.08 4.8 9.5 9.6 9.3 1034.5 0 0 0.006 0 26.2 35 9.5 25.5 6.87 1.1906 13.9 24 1 100 1
9.8 9.8 9.7 73 5.2 8 0.13 12.9 8.7 9.6 8.6 1034.5 0 0 0.006 0 26.2 35 9.5 25.5 6.87 1.1906 13.9 22 1 95.7 1
9.8 9.8 9.8 72 5 11.3 0.19 14.5 8.2 9.6 8 1034.4 0 0 0.006 0 26.2 35 9.5 25.5 6.87 1.1905 12.8 23 1 100 1
9.7 9.8 9.7 72 4.9 11.3 0.19 12.9 8.1 9.6 7.9 1034.5 0 0 0.006 0 26.2 35 9.5 25.5 6.87 1.1905 12.8 23 1 100 1
9.7 9.7 9.7 72 4.9 6.4 0.11 9.7 9.1 9.6 8.9 1034.5 0 0 0.006 0 26.2 35 9.5 25.5 6.87 1.1905 12.8 24 1 100 1
9.8 9.8 9.7 72 5 6.4 0.11 8 9.1 9.6 8.9 1034.4 0 0 0.006 0 26.2 35 9.5 25.5 6.87 1.1905 13.3 22 1 95.7 1
9.8 9.8 9.8 72 5 4.8 0.08 8 9.6 9.7 9.4 1034.5 0 0 0.006 0 26.2 35 9.5 25.5 6.87 1.1905 13.9 22 1 95.7 1
9.9 9.9 9.8 72 5.1 1.6 0.03 6.4 9.9 9.7 9.7 1034.4 0 0 0.006 0 26.2 35 9.5 25.5 6.87 1.1905 15 24 1 100 1
9.9 9.9 9.9 72 5.1 4.8 0.08 6.4 9.7 9.7 9.6 1034.4 0 0 0.006 0 26.2 35 9.5 25.5 6.87 1.1905 15 22 1 95.7 1
9.9 9.9 9.9 72 5.1 9.7 0.16 12.9 8.7 9.8 8.5 1034.5 0 0 0.006 0 26.2 35 9.5 25.5 6.87 1.1905 14.4 23 1 100 1
9.9 9.9 9.9 72 5.1 9.7 0.16 12.9 8.7 9.8 8.5 1034.5 0 0 0.006 0 26.2 35 9.5 25.5 6.87 1.1906 13.3 23 1 100 1
9.9 9.9 9.9 72 5.1 4.8 0.08 6.4 9.7 9.7 9.6 1034.5 0 0 0.006 0 26.2 35 9.5 25.5 6.87 1.1906 13.3 23 1 100 1
9.9 9.9 9.9 72 5.1 3.2 0.05 4.8 9.9 9.8 9.8 1034.5 0 0 0.006 0 26.2 35 9.5 25.5 6.87 1.1906 13.9 24 1 100 1
9.9 9.9 9.9 72 5.1 6.4 0.11 11.3 9.3 9.8 9.2 1034.5 0 0 0.006 0 26.2 35 9.5 25.5 6.87 1.1906 13.9 23 1 100 1
9.9 9.9 9.9 72 5.1 6.4 0.11 9.7 9.3 9.8 9.2 1034.5 0 0 0.006 0 26.2 35 9.5 25.5 6.87 1.1906 13.9 24 1 100 1
10 10 10 72 5.2 1.6 0.03 6.4 10 9.8 9.8 1034.5 0 0 0.006 0 26.2 35 9.5 25.5 6.87 1.1906 14.4 23 1 100 1
10.1 10.1 10 72 5.2 8 0.13 11.3 9.1 9.9 8.9 1034.5 0 0 0.006 0 26.2 35 9.5 25.5 6.87 1.1905 14.4 24 1 100 1
10.1 10.1 10.1 72 5.2 9.7 0.16 12.9 8.8 9.9 8.6 1034.5 0 0 0.006 0 26.2 35 9.5 25.5 6.87 1.1906 13.3 22 1 95.7 1
10.1 10.1 10.1 71 5 6.4 0.11 11.3 9.4 9.8 9.2 1034.5 0 0 0.006 0 26.2 35 9.5 25.5 6.87 1.1905 13.3 23 1 100 1
10.1 10.1 10.1 71 5.1 9.7 0.16 12.9 8.8 9.9 8.6 1034.5 0 0 0.006 0 26.2 34 9.1 25.4 6.67 1.1909 13.3 23 1 100 1
10.1 10.1 10.1 71 5 9.7 0.16 12.9 8.8 9.8 8.6 1034.5 0 0 0.006 0 26.2 34 9.1 25.4 6.67 1.191 13.3 23 1 100 1
10.1 10.1 10.1 71 5 9.7 0.16 14.5 8.8 9.8 8.6 1034.5 0 0 0.006 0 26.2 34 9.1 25.4 6.67 1.191 12.8 24 1 100 1
10.1 10.1 10.1 71 5 8 0.13 9.7 9.1 9.8 8.8 1034.5 0 0 0.006 0 26.2 34 9.1 25.4 6.67 1.191 12.8 22 1 95.7 1
10.1 10.1 10.1 71 5.1 8 0.13 9.7 9.1 9.9 8.9 1034.5 0 0 0.006 0 26.2 34 9.1 25.4 6.67 1.1909 13.3 23 1 100 1
10.1 10.1 10.1 71 5 9.7 0.16 11.3 8.8 9.8 8.6 1034.5 0 0 0.006 0 26.2 34 9.1 25.4 6.67 1.1909 13.9 24 1 100 1
10.1 10.1 10.1 71 5.1 4.8 0.08 8 9.9 9.9 9.7 1034.5 0 0 0.006 0 26.2 34 9.1 25.4 6.67 1.1909 14.4 22 1 95.7 1
10.2 10.2 10.1 71 5.1 3.2 0.05 4.8 10.2 9.9 9.9 1034.5 0 0 0.006 0 26.2 34 9.1 25.4 6.67 1.1909 15 24 1 100 1
10.2 10.2 10.2 71 5.2 8 0.13 11.3 9.3 10 9.1 1034.5 0 0 0.006 0 26.2 34 9.1 25.4 6.67 1.1909 14.4 22 1 95.7 1
10.2 10.2 10.2 71 5.2 8 0.13 11.3 9.3 10 9.1 1034.5 0 0 0.006 0 26.2 34 9.1 25.4 6.67 1.1909 14.4 24 1 100 1
10.3 10.3 10.2 71 5.2 9.7 0.16 16.1 9.1 10.1 8.8 1034.5 0 0 0.006 0 26.2 34 9.1 25.4 6.67 1.1909 13.9 23 1 100 1
10.3 10.3 10.3 70 5 11.3 0.19 14.5 8.8 10 8.5 1034.5 0 0 0.006 0 26.2 34 9.1 25.4 6.67 1.191 12.8 23 1 100 1
10.3 10.3 10.3 70 5 9.7 0.16 16.1 9.1 10 8.8 1034.5 0 0 0.006 0 26.1 34 9 25.4 6.67 1.1915 12.2 24 1 100 1
