8.7 8.7 8.7 85 6.3 8 0.13 11.3 7.5 8.7 7.5 1025.3 0 0 0.007 0 25 39 10.1 24.6 7.51 1.1842 8.9 23 1 100 1
8.7 8.7 8.7 85 6.3 8 0.13 9.7 7.5 8.7 7.5 1025.3 0 0 0.007 0 25 38 9.7 24.5 7.31 1.1846 8.9 23 1 100 1
8.8 8.8 8.7 85 6.4 6.4 0.11 9.7 8 8.8 8 1025.3 0 0 0.007 0 25 38 9.7 24.5 7.31 1.1846 8.9 23 1 100 1
8.8 8.8 8.8 85 6.4 8 0.13 11.3 7.6 8.8 7.6 1025.3 0 0 0.007 0 25 38 9.7 24.5 7.31 1.1846 8.9 23 1 100 1
8.8 8.8 8.8 85 6.4 8 0.13 11.3 7.6 8.8 7.6 1025.3 0 0 0.007 0 25 39 10.1 24.6 7.51 1.1842 8.9 24 1 100 1
8.8 8.8 8.8 85 6.4 8 0.13 11.3 7.6 8.8 7.6 1025.3 0 0 0.007 0 25 38 9.7 24.5 7.31 1.1846 8.9 22 1 95.7 1
8.8 8.8 8.8 85 6.4 6.4 0.11 9.7 8.1 8.8 8.1 1025.3 0 0 0.007 0 25 38 9.7 24.5 7.31 1.1846 8.9 24 1 100 1
8.8 8.8 8.8 85 6.4 4.8 0.08 8 8.5 8.8 8.5 1025.3 0 0 0.007 0 25 38 9.7 24.5 7.31 1.1846 8.9 22 1 95.7 1
8.9 8.9 8.8 85 6.5 8 0.13 9.7 7.7 8.9 7.7 1025.3 0 0 0.007 0 25 38 9.7 24.5 7.31 1.1846 8.9 23 1 100 1
8.8 8.9 8.8 85 6.4 1.6 0.03 8 8.8 8.8 8.8 1025.3 0 0 0.007 0 25 38 9.7 24.5 7.31 1.1846 8.9 23 1 100 1
8.9 8.9 8.9 85 6.5 6.4 0.11 11.3 8.1 8.9 8.1 1025.4 0 0 0.007 0 25 38 9.7 24.5 7.31 1.1846 8.9 23 1 100 1
8.9 8.9 8.9 85 6.5 4.8 0.08 8 8.6 8.9 8.6 1025.4 0 0 0.007 0 25 38 9.7 24.5 7.31 1.1846 8.9 22 1 95.7 1
8.9 8.9 8.9 85 6.5 11.3 0.19 14.5 7.1 8.9 7.1 1025.3 0 0 0.007 0 25 38 9.7 24.5 7.31 1.1846 8.9 23 1 100 1
8.9 8.9 8.9 85 6.5 8 0.13 11.3 7.7 8.9 7.7 1025.3 0 0 0.007 0 25 38 9.7 24.5 7.31 1.1846 8.9 24 1 100 1
8.9 8.9 8.9 84 6.3 8 0.13 12.9 7.7 8.9 7.7 1025.4 0 0 0.007 0 25 38 9.7 24.5 7.31 1.1846 8.9 22 1 95.7 1
8.9 8.9 8.9 84 6.3 11.3 0.19 16.1 7.1 8.9 7.1 1025.4 0 0 0.007 0 25 38 9.7 24.5 7.31 1.1846 8.9 22 1 95.7 1
8.9 8.9 8.9 84 6.3 6.4 0.11 8 8.1 8.9 8.1 1025.4 0 0 0.007 0 25 38 9.7 24.5 7.31 1.1847 8.9 22 1 95.7 1
8.8 8.9 8.8 84 6.3 6.4 0.11 9.7 8.1 8.8 8.1 1025.4 0 0 0.007 0 25 38 9.7 24.5 7.31 1.1847 8.9 23 1 100 1
8.8 8.8 8.8 84 6.3 9.7 0.16 14.5 7.3 8.8 7.3 1025.4 0 0 0.007 0 24.9 38 9.6 24.4 7.31 1.1852 8.9 23 1 100 1
8.8 8.9 8.8 84 6.3 8 0.13 9.7 7.7 8.8 7.7 1025.4 0 0 0.007 0 24.9 38 9.6 24.4 7.31 1.1853 8.9 22 1 95.7 1
8.8 8.8 8.8 84 6.3 8 0.13 11.3 7.7 8.8 7.7 1025.4 0 0 0.007 0 24.9 38 9.6 24.4 7.31 1.1852 8.9 23 1 100 1
8.8 8.9 8.8 84 6.3 8 0.13 12.9 7.7 8.8 7.7 1025.4 0 0 0.007 0 24.9 38 9.6 24.4 7.31 1.1853 8.9 23 1 100 1
8.8 8.8 8.8 84 6.3 6.4 0.11 8 8.1 8.8 8.1 1025.4 0 0 0.007 0 24.9 38 9.6 24.4 7.31 1.1852 8.9 23 1 100 1
8.8 8.9 8.8 84 6.3 8 0.13 12.9 7.7 8.8 7.7 1025.4 0 0 0.007 0 24.9 38 9.6 24.4 7.31 1.1853 8.9 23 1 100 1
8.8 8.8 8.8 84 6.3 9.7 0.16 16.1 7.3 8.8 7.3 1025.4 0 0 0.007 0 24.9 38 9.6 24.4 7.31 1.1853 8.9 22 1 95.7 1
8.8 8.8 8.8 84 6.3 6.4 0.11 12.9 8.1 8.8 8.1 1025.3 0 0 0.007 0 24.9 38 9.6 24.4 7.31 1.1851 8.9 23 1 100 1
8.8 8.8 8.8 84 6.3 11.3 0.19 16.1 7.1 8.8 7.1 1025.4 0 0 0.007 0 24.9 38 9.6 24.4 7.31 1.1852 8.9 22 1 95.7 1
8.8 8.8 8.8 84 6.2 8 0.13 11.3 7.6 8.8 7.6 1025.4 0 0 0.007 0 24.9 39 10 24.4 7.51 1.1849 8.9 22 1 95.7 1
8.8 8.8 8.8 84 6.3 11.3 0.19 16.1 7.1 8.8 7.1 1025.4 0 0 0.007 0 24.9 39 10 24.4 7.51 1.1849 8.9 23 1 100 1
8.8 8.8 8.8 84 6.2 8 0.13 11.3 7.6 8.8 7.6 1025.5 0 0 0.007 0 24.9 39 10 24.4 7.51 1.1849 8.9 21 1 91.3 1
8.8 8.8 8.8 84 6.2 8 0.13 12.9 7.6 8.8 7.6 1025.4 0 0 0.007 0 24.9 39 10 24.4 7.51 1.1849 8.9 23 1 100 1
8.8 8.8 8.8 84 6.2 11.3 0.19 17.7 7 8.8 7 1025.5 0 0 0.007 0 24.9 39 10 24.4 7.51 1.185 8.9 23 1 100 1
8.7 8.8 8.7 84 6.2 11.3 0.19 14.5 6.9 8.7 6.9 1025.5 0 0 0.007 0 24.9 39 10 24.4 7.51 1.1849 8.9 20 1 87 1
8.7 8.7 8.7 85 6.3 8 0.13 12.9 7.5 8.7 7.5 1025.5 0 0 0.007 0 24.9 39 10 24.4 7.51 1.1849 9.4 21 1 91.3 1
8.7 8.7 8.7 85 6.3 8 0.13 9.7 7.5 8.7 7.5 1025.5 0 0 0.007 0 24.9 39 10 24.4 7.51 1.185 10 20 1 87 1
8.7 8.8 8.7 85 6.3 11.3 0.19 16.1 6.9 8.7 6.9 1025.5 0 0 0.007 0 24.9 39 10 24.4 7.51 1.1849 10 23 1 100 1
8.8 8.8 8.8 85 6.4 6.4 0.11 14.5 8 8.8 8 1025.4 0 0 0.007 0 24.9 39 10 24.4 7.51 1.1849 10 21 1 91.3 1
8.8 8.8 8.8 85 6.4 11.3 0.19 17.7 7 8.8 7 1025.4 0 0 0.007 0 24.9 40 10.4 24.4 7.61 1.1845 10.6 23 1 100 1
8.8 8.8 8.7 85 6.4 11.3 0.19 17.7 7 8.8 7 1025.4 0 0 0.007 0 24.9 40 10.4 24.4 7.61 1.1845 10.6 20 1 87 1
8.8 8.8 8.8 85 6.4 9.7 0.16 12.9 7.3 8.8 7.3 1025.4 0 0 0.007 0 25 40 10.5 24.6 7.61 1.184 10.6 23 1 100 1
8.8 8.8 8.8 85 6.4 6.4 0.11 9.7 8 8.8 8 1025.4 0 0 0.007 0 25 40 10.5 24.6 7.61 1.184 10.6 22 1 95.7 1
8.8 8.8 8.8 85 6.4 4.8 0.08 6.4 8.5 8.8 8.5 1025.4 0 0 0.007 0 25 40 10.5 24.6 7.61 1.184 11.1 22 1 95.7 1
8.9 8.9 8.8 85 6.5 8 0.13 12.9 7.7 8.9 7.7 1025.4 0 0 0.007 0 25 40 10.5 24.6 7.61 1.184 11.1 24 1 100 1
8.9 8.9 8.8 85 6.5 12.9 0.21 19.3 6.7 8.9 6.7 1025.4 0 0 0.007 0 25 40 10.5 24.6 7.61 1.1839 10.6 21 1 91.3 1
8.9 8.9 8.9 85 6.5 9.7 0.16 16.1 7.4 8.9 7.4 1025.4 0 0 0.007 0 25 40 10.5 24.6 7.61 1.184 10.6 23 1 100 1
8.9 8.9 8.9 84 6.3 11.3 0.19 16.1 7.1 8.9 7.1 1025.5 0 0 0.007 0 25 40 10.5 24.6 7.61 1.184 10 20 1 87 1
8.9 8.9 8.9 84 6.3 9.7 0.16 14.5 7.4 8.9 7.4 1025.4 0 0 0.007 0 25 40 10.5 24.6 7.61 1.184 10 20 1 87 1
8.9 8.9 8.9 84 6.3 6.4 0.11 9.7 8.1 8.9 8.1 1025.4 0 0 0.007 0 25.1 40 10.6 24.7 7.61 1.1834 10 24 1 100 1
8.9 8.9 8.9 84 6.3 9.7 0.16 16.1 7.4 8.9 7.4 1025.3 0 0 0.007 0 25.1 40 10.6 24.7 7.61 1.1833 10 17 1 73.9 1
8.9 8.9 8.9 84 6.3 9.7 0.16 14.5 7.4 8.9 7.4 1025.4 0 0 0.007 0 25.1 40 10.6 24.7 7.61 1.1834 10 20 1 87 1
8.9 8.9 8.9 84 6.4 12.9 0.21 16.1 6.8 8.9 6.8 1025.5 0 0 0.007 0 25.1 40 10.6 24.7 7.61 1.1835 10 21 1 91.3 1
8.9 8.9 8.9 84 6.4 8 0.13 16.1 7.8 8.9 7.8 1025.4 0 0 0.007 0 25.1 40 10.6 24.7 7.61 1.1834 10 23 1 100 1
8.9 8.9 8.9 84 6.4 6.4 0.11 11.3 8.2 8.9 8.2 1025.4 0 0 0.007 0 25.1 40 10.6 24.7 7.61 1.1834 10.6 23 1 100 1
8.9 8.9 8.9 84 6.4 8 0.13 9.7 7.8 8.9 7.8 1025.4 0 0 0.007 0 25.1 40 10.6 24.7 7.61 1.1834 10.6 22 1 95.7 1
9 9 8.9 84 6.4 6.4 0.11 9.7 8.2 9 8.2 1025.4 0 0 0.006 0 25.1 40 10.6 24.7 7.61 1.1834 10 23 1 100 1
9 9 9 85 6.6 6.4 0.11 11.3 8.2 9 8.2 1025.4 0 0 0.006 0 25.1 40 10.6 24.7 7.61 1.1834 10.6 23 1 100 1
9.1 9.1 9.1 88 7.2 8 0.13 11.3 7.9 9.1 7.9 1025.4 0 0 0.006 0 25.1 40 10.6 24.7 7.61 1.1834 10.6 22 1 95.7 1
9.1 9.1 9.1 85 6.7 6.4 0.11 9.7 8.3 9.1 8.3 1025.4 0 0 0.006 0 25.2 39 10.2 24.7 7.5 1.1835 10.6 23 1 100 1
9.2 9.2 9.1 85 6.8 4.8 0.08 9.7 8.9 9.2 8.9 1025.4 0 0 0.006 0 25.2 39 10.2 24.7 7.5 1.1835 10.6 22 1 95.7 1
9.2 9.2 9.2 84 6.6 4.8 0.08 9.7 8.9 9.2 8.9 1025.5 0 0 0.006 0 25.2 39 10.2 24.7 7.5 1.1836 10.6 22 1 95.7 1
9.2 9.2 9.2 84 6.7 4.8 0.08 6.4 8.9 9.2 8.9 1025.6 0 0 0.006 0 25.2 39 10.2 24.7 7.5 1.1837 10.6 22 1 95.7 1
9.3 9.3 9.2 84 6.7 6.4 0.11 9.7 8.6 9.3 8.6 1025.5 0 0 0.006 0 25.2 39 10.2 24.7 7.5 1.1837 10.6 20 1 87 1
9.3 9.3 9.3 84 6.7 6.4 0.11 9.7 8.6 9.3 8.6 1025.6 0 0 0.006 0 25.2 40 10.6 24.7 7.6 1.1834 10 23 1 100 1
9.3 9.3 9.3 84 6.7 4.8 0.08 11.3 9 9.3 9 1025.6 0 0 0.006 0 25.2 40 10.6 24.7 7.6 1.1834 10 20 1 87 1
9.3 9.3 9.3 84 6.8 1.6 0.03 3.2 9.3 9.3 9.3 1025.6 0 0 0.006 0 25.2 40 10.6 24.7 7.6 1.1834 10 24 1 100 1
9.3 9.3 9.3 84 6.8 6.4 0.11 8 8.6 9.3 8.6 1025.6 0 0 0.006 0 25.2 40 10.6 24.7 7.6 1.1834 10 21 1 91.3 1
9.4 9.4 9.3 84 6.8 3.2 0.05 9.7 9.4 9.4 9.4 1025.6 0 0 0.006 0 25.2 40 10.6 24.7 7.6 1.1834 10 22 1 95.7 1
9.4 9.4 9.4 84 6.8 8 0.13 12.9 8.3 9.4 8.3 1025.8 0 0 0.006 0 25.2 40 10.6 24.7 7.6 1.1836 10 21 1 91.3 1
9.4 9.4 9.4 83 6.6 8 0.13 11.3 8.3 9.4 8.3 1025.9 0 0 0.006 0 25.2 40 10.6 24.7 7.6 1.1838 9.4 20 1 87 1
9.3 9.4 9.3 83 6.6 9.7 0.16 12.9 7.9 9.3 7.9 1026 0 0 0.006 0 25.2 40 10.6 24.7 7.6 1.1838 9.4 24 1 100 1
9.4 9.4 9.3 83 6.6 3.2 0.05 4.8 9.4 9.4 9.4 1025.9 0 0 0.006 0 25.3 40 10.7 24.8 7.6 1.1832 9.4 22 1 95.7 1
9.4 9.4 9.3 83 6.6 1.6 0.03 4.8 9.4 9.4 9.4 1026 0 0 0.006 0 25.3 40 10.7 24.8 7.6 1.1833 9.4 23 1 100 1
9.4 9.4 9.4 83 6.6 1.6 0.03 4.8 9.4 9.4 9.4 1026 0 0 0.006 0 25.3 40 10.7 24.8 7.6 1.1833 10 21 1 91.3 1
9.4 9.4 9.4 84 6.8 1.6 0.03 3.2 9.4 9.4 9.4 1025.9 0 0 0.006 0 25.3 40 10.7 24.8 7.6 1.1832 10 22 1 95.7 1
9.4 9.4 9.4 84 6.9 3.2 0.05 6.4 9.4 9.5 9.5 1025.9 0 0 0.006 0 25.3 40 10.7 24.8 7.6 1.1832 10 22 1 95.7 1
9.4 9.5 9.4 83 6.7 8 0.13 9.7 8.3 9.4 8.3 1025.8 0 0 0.006 0 25.3 40 10.7 24.8 7.6 1.1831 9.4 21 1 91.3 1
9.5 9.5 9.5 83 6.8 4.8 0.08 9.7 9.2 9.5 9.2 1025.8 0 0 0.006 0 25.3 40 10.7 24.8 7.6 1.183 9.4 23 1 100 1
9.5 9.5 9.5 83 6.8 6.4 0.11 8 8.8 9.5 8.8 1025.8 0 0 0.006 0 25.3 40 10.7 24.8 7.6 1.183 9.4 17 1 73.9 1
9.5 9.5 9.5 83 6.8 8 0.13 11.3 8.4 9.5 8.4 1025.8 0 0 0.006 0 25.3 40 10.7 24.8 7.6 1.1831 10 11 1 47.8 1
9.6 9.6 9.6 83 6.8 6.4 0.11 12.9 8.8 9.6 8.8 1025.8 0 0 0.006 0 25.3 40 10.7 24.8 7.6 1.1831 10 19 1 82.6 1
9.6 9.6 9.6 84 7 6.4 0.11 11.3 8.9 9.7 9 1025.8 0 0 0.006 0 25.3 40 10.7 24.8 7.6 1.1831 10 16 1 69.6 1
9.6 9.6 9.6 84 7 1.6 0.03 6.4 9.6 9.7 9.7 1025.8 0 0 0.006 0 25.3 40 10.7 24.8 7.6 1.1831 10 18 1 78.3 1
9.7 9.7 9.7 84 7.1 6.4 0.11 9.7 9.1 9.8 9.1 1025.8 0 0 0.006 0 25.3 40 10.7 24.8 7.6 1.183 10.6 20 1 87 1
9.8 9.8 9.7 83 7 8 0.13 11.3 8.7 9.8 8.7 1025.8 0 0 0.006 0 25.3 40 10.7 24.8 7.6 1.183 10.6 19 1 82.6 1
9.8 9.8 9.8 83 7 4.8 0.08 9.7 9.6 9.8 9.6 1025.8 0 0 0.006 0 25.3 40 10.7 24.8 7.6 1.1831 10.6 12 1 52.2 1
9.8 9.8 9.8 83 7.1 11.3 0.19 16.1 8.2 9.8 8.2 1025.8 0 0 0.006 0 25.3 40 10.7 24.8 7.6 1.1831 10.6 21 1 91.3 1
9.8 9.8 9.8 82 6.9 12.9 0.21 16.1 7.8 9.8 7.8 1025.8 0 0 0.006 0 25.4 40 10.8 24.9 7.6 1.1825 10 18 1 78.3 1
9.9 9.9 9.8 82 7 3.2 0.05 4.8 9.9 9.9 9.9 1025.8 0 0 0.006 0 25.4 40 10.8 24.9 7.6 1.1826 10.6 17 1 73.9 1
9.9 9.9 9.8 82 7 1.6 0.03 4.8 9.9 9.9 9.9 1025.8 0 0 0.006 0 25.4 40 10.8 24.9 7.6 1.1825 10.6 17 1 73.9 1
9.9 9.9 9.9 82 7 4.8 0.08 9.7 9.8 9.9 9.8 1025.9 0 0 0.006 0 25.4 40 10.8 24.9 7.6 1.1826 10.6 15 1 65.2 1
10 10 9.9 82 7.1 4.8 0.08 9.7 9.8 10 9.8 1025.9 0 0 0.006 0 25.4 40 10.8 24.9 7.6 1.1826 10.6 15 1 65.2 1
10.1 10.1 10 82 7.1 4.8 0.08 8 9.9 10.1 9.9 1025.8 0 0 0.006 0 25.4 40 10.8 24.9 7.6 1.1825 10.6 10 1 43.5 1
10.1 10.1 10.1 82 7.1 4.8 0.08 11.3 9.9 10.1 9.9 1025.9 0 0 0.006 0 25.4 40 10.8 24.9 7.6 1.1826 10.6 10 1 43.5 1
10.1 10.1 10.1 82 7.2 4.8 0.08 9.7 9.9 10.1 9.9 1025.9 0 0 0.006 0 25.4 40 10.8 24.9 7.6 1.1827 10.6 11 1 47.8 1
10.1 10.1 10.1 82 7.2 6.4 0.11 9.7 9.5 10.1 9.5 1025.8 0 0 0.006 0 25.4 40 10.8 24.9 7.6 1.1826 10.6 15 1 65.2 1
10.1 10.1 10.1 82 7.2 6.4 0.11 12.9 9.5 10.1 9.5 1025.9 0 0 0.006 0 25.4 40 10.8 24.9 7.6 1.1827 10.6 16 1 69.6 1
10.2 10.2 10.2 82 7.2 6.4 0.11 9.7 9.6 10.2 9.6 1025.9 0 0 0.006 0 25.4 40 10.8 24.9 7.6 1.1827 10.6 8 1 34.8 1
10.2 10.2 10.2 81 7.1 3.2 0.05 8 10.2 10.2 10.2 1025.9 0 0 0.006 0 25.4 40 10.8 24.9 7.6 1.1827 10.6 10 1 43.5 1
10.2 10.2 10.2 81 7.1 1.6 0.03 1.6 10.2 10.2 10.2 1025.9 0 0 0.006 0 25.4 40 10.8 24.9 7.6 1.1827 10.6 13 1 56.5 1
10.2 10.2 10.2 81 7.1 6.4 0.11 14.5 9.6 10.2 9.6 1026 0 0 0.006 0 25.4 40 10.8 24.9 7.6 1.1827 10.6 9 1 39.1 1
10.3 10.3 10.3 81 7.2 4.8 0.08 12.9 10.2 10.3 10.2 1025.9 0 0 0.006 0 25.4 40 10.8 24.9 7.6 1.1827 10.6 12 1 52.2 1
10.3 10.3 10.3 81 7.2 8 0.13 11.3 9.3 10.3 9.3 1026 0 0 0.006 0 25.4 40 10.8 24.9 7.6 1.1827 10.6 13 1 56.5 1
10.3 10.3 10.3 81 7.2 6.4 0.11 9.7 9.8 10.3 9.8 1025.9 0 0 0.006 0 25.4 40 10.8 24.9 7.6 1.1827 10.6 10 1 43.5 1
10.3 10.3 10.3 81 7.2 6.4 0.11 9.7 9.8 10.3 9.8 1025.9 0 0 0.006 0 25.4 40 10.8 24.9 7.6 1.1827 10.6 8 1 34.8 1
10.4 10.4 10.3 80 7.1 6.4 0.11 9.7 9.8 10.3 9.8 1026 0 0 0.006 0 25.4 40 10.8 24.9 7.6 1.1828 10.6 10 1 43.5 1
10.4 10.4 10.4 80 7.1 3.2 0.05 6.4 10.4 10.3 10.3 1026 0 0 0.006 0 25.4 40 10.8 24.9 7.6 1.1828 11.1 10 1 43.5 1
10.4 10.4 10.4 80 7.1 1.6 0.03 3.2 10.4 10.3 10.3 1026.1 0 0 0.006 0 25.4 40 10.8 24.9 7.6 1.1829 11.1 14 1 60.9 1
10.4 10.4 10.4 80 7.1 12.9 0.21 17.7 8.6 10.4 8.6 1026 0 0 0.005 0 25.4 40 10.8 24.9 7.6 1.1828 11.1 16 1 69.6 1
10.4 10.4 10.4 80 7.1 6.4 0.11 11.3 9.9 10.4 9.8 1026 0 0 0.005 0 25.4 40 10.8 24.9 7.6 1.1828 11.1 14 1 60.9 1
10.5 10.5 10.5 80 7.2 9.7 0.16 22.5 9.3 10.4 9.3 1026.1 0 0 0.005 0 25.4 40 10.8 24.9 7.6 1.1828 11.7 16 1 69.6 1
10.5 10.5 10.5 80 7.2 19.3 0.32 29 7.4 10.4 7.3 1026 0 0 0.005 0 25.4 40 10.8 24.9 7.6 1.1828 11.1 14 1 60.9 1
10.6 10.6 10.5 78 6.9 8 0.13 9.7 9.7 10.4 9.6 1026 0 0 0.005 0 25.4 40 10.8 24.9 7.6 1.1828 11.1 11 1 47.8 1
10.6 10.6 10.6 78 6.9 9.7 0.16 30.6 9.4 10.4 9.3 1026.1 0 0 0.005 0 25.4 40 10.8 24.9 7.6 1.1829 11.1 10 1 43.5 1
10.6 10.6 10.6 78 6.9 17.7 0.3 27.4 7.7 10.4 7.6 1026.2 0 0 0.005 0 25.4 40 10.8 24.9 7.6 1.183 11.1 16 1 69.6 1
10.6 10.6 10.6 78 6.9 12.9 0.21 19.3 8.7 10.4 8.6 1026.1 0 0 0.005 0 25.4 39 10.4 24.9 7.5 1.1833 10.6 14 1 60.9 1
10.6 10.6 10.6 78 6.9 6.4 0.11 9.7 10 10.4 9.9 1026 0 0 0.005 0 25.4 40 10.8 24.9 7.6 1.1828 10.6 14 1 60.9 1
10.6 10.6 10.6 78 6.9 6.4 0.11 11.3 10 10.4 9.9 1026.1 0 0 0.005 0 25.4 40 10.8 24.9 7.6 1.1828 10.6 9 1 39.1 1
10.6 10.6 10.6 78 6.9 4.8 0.08 8 10.5 10.5 10.4 1026 0 0 0.005 0 25.4 40 10.8 24.9 7.6 1.1828 10.6 18 1 78.3 1
10.6 10.6 10.6 78 6.9 3.2 0.05 6.4 10.6 10.5 10.5 1026.1 0 0 0.005 0 25.4 40 10.8 24.9 7.6 1.1829 10.6 13 1 56.5 1
10.7 10.7 10.7 78 7 11.3 0.19 22.5 9.2 10.6 9.1 1026.1 0 0 0.005 0 25.4 40 10.8 24.9 7.6 1.1829 10.6 13 1 56.5 1
10.7 10.7 10.7 78 7 9.7 0.16 12.9 9.5 10.6 9.4 1026.2 0 0 0.005 0 25.4 40 10.8 24.9 7.6 1.183 10.6 19 1 82.6 1
10.7 10.7 10.7 78 7 8 0.13 14.5 9.8 10.6 9.7 1026.1 0 0 0.005 0 25.4 40 10.8 24.9 7.6 1.1829 10.6 17 1 73.9 1
10.7 10.7 10.7 78 7 8 0.13 17.7 9.8 10.6 9.7 1026.1 0 0 0.005 0 25.4 40 10.8 24.9 7.6 1.1829 11.1 13 1 56.5 1
10.7 10.7 10.7 78 7 9.7 0.16 14.5 9.5 10.6 9.4 1026.2 0 0 0.005 0 25.4 40 10.8 24.9 7.6 1.183 11.1 16 1 69.6 1
10.7 10.7 10.7 78 7 4.8 0.08 9.7 10.6 10.6 10.4 1026.1 0 0 0.005 0 25.4 40 10.8 24.9 7.6 1.1829 11.1 21 1 91.3 1
10.7 10.7 10.7 78 7 6.4 0.11 12.9 10.1 10.6 10 1026.1 0 0 0.005 0 25.5 41 11.3 25.1 7.75 1.182 11.7 12 1 52.2 1
10.7 10.7 10.7 78 7 3.2 0.05 3.2 10.7 10.6 10.6 1026.1 0 0 0.005 0 25.5 41 11.3 25.1 7.75 1.182 11.7 14 1 60.9 1
10.7 10.7 10.7 78 7 4.8 0.08 8 10.6 10.6 10.5 1026.1 0 0 0.005 0 25.5 41 11.3 25.1 7.75 1.1819 12.2 15 1 65.2 1
10.7 10.7 10.7 78 7 4.8 0.08 8 10.6 10.6 10.5 1026.1 0 0 0.005 0 25.5 41 11.3 25.1 7.75 1.1819 12.2 16 1 69.6 1
10.7 10.7 10.7 78 7 1.6 0.03 4.8 10.7 10.6 10.6 1026.1 0 0 0.005 0 25.5 41 11.3 25.1 7.75 1.1819 12.8 11 1 47.8 1
10.8 10.8 10.7 78 7.1 3.2 0.05 6.4 10.8 10.7 10.7 1026.1 0 0 0.005 0 25.5 41 11.3 25.1 7.75 1.1819 12.8 15 1 65.2 1
10.8 10.8 10.8 78 7.1 1.6 0.03 6.4 10.8 10.7 10.7 1026 0 0 0.005 0 25.5 42 11.6 25.1 7.89 1.1815 13.9 15 1 65.2 1
10.8 10.8 10.8 78 7.1 6.4 0.11 9.7 10.3 10.7 10.2 1026.1 0 0 0.005 0 25.5 42 11.6 25.1 7.89 1.1816 13.9 11 1 47.8 1
10.9 10.9 10.9 78 7.2 8 0.13 11.3 10.1 10.8 9.9 1026.1 0 0 0.005 0 25.5 42 11.6 25.1 7.89 1.1816 13.9 12 1 52.2 1
10.9 10.9 10.9 78 7.2 3.2 0.05 4.8 10.9 10.8 10.8 1026.1 0 0 0.005 0 25.5 42 11.6 25.1 7.89 1.1816 14.4 14 1 60.9 1
10.9 10.9 10.9 78 7.3 3.2 0.05 8 10.9 10.8 10.8 1026.1 0 0 0.005 0 25.5 42 11.6 25.1 7.89 1.1815 14.4 10 1 43.5 1
10.9 10.9 10.9 78 7.3 4.8 0.08 9.7 10.9 10.8 10.7 1026.1 0 0 0.005 0 25.5 42 11.6 25.1 7.89 1.1815 13.3 19 1 82.6 1
11 11 10.9 77 7.1 6.4 0.11 9.7 10.6 10.8 10.4 1026 0 0 0.005 0 25.5 42 11.6 25.1 7.89 1.1815 12.8 21 1 91.3 1
11 11 11 77 7.1 1.6 0.03 4.8 11 10.8 10.8 1026.1 0 0 0.005 0 25.5 42 11.6 25.1 7.89 1.1815 13.3 23 1 100 1
11.1 11.1 11 77 7.2 4.8 0.08 8 11 10.9 10.8 1026.1 0 0 0.005 0 25.5 42 11.6 25.1 7.89 1.1816 12.8 22 1 95.7 1
11.1 11.1 11.1 77 7.2 8 0.13 11.3 10.3 10.9 10.1 1026.1 0 0 0.005 0 25.5 41 11.3 25.1 7.75 1.182 12.8 23 1 100 1
11.1 11.1 11.1 77 7.2 6.4 0.11 9.7 10.7 10.9 10.5 1026.2 0 0 0.005 0 25.6 41 11.3 25.1 7.75 1.1818 12.8 22 1 95.7 1
11.1 11.1 11.1 76 7 3.2 0.05 4.8 11.1 10.9 10.9 1026.1 0 0 0.005 0 25.6 42 11.7 25.2 7.89 1.1814 13.3 22 1 95.7 1
11.2 11.2 11.1 77 7.3 1.6 0.03 6.4 11.2 11 11 1026.1 0 0 0.005 0 25.6 42 11.7 25.2 7.89 1.1813 13.9 24 1 100 1
11.2 11.2 11.2 77 7.3 6.4 0.11 12.9 10.7 11 10.6 1026.1 0 0 0.005 0 25.6 42 11.7 25.2 7.89 1.1814 13.3 21 1 91.3 1
11.2 11.2 11.2 76 7.1 8 0.13 12.9 10.4 10.9 10.2 1026.1 0 0 0.005 0 25.6 42 11.7 25.2 7.89 1.1814 13.3 23 1 100 1
11.2 11.2 11.2 76 7.1 8 0.13 12.9 10.4 10.9 10.2 1026.2 0 0 0.005 0 25.6 42 11.7 25.2 7.89 1.1815 13.3 23 1 100 1
11.2 11.2 11.2 76 7.1 1.6 0.03 4.8 11.2 10.9 10.9 1026.2 0 0 0.005 0 25.6 42 11.7 25.2 7.89 1.1814 13.9 23 1 100 1
11.2 11.2 11.2 76 7.1 1.6 0.03 4.8 11.2 11 11 1026.2 0 0 0.005 0 25.6 42 11.7 25.2 7.89 1.1814 14.4 22 1 95.7 1
11.3 11.3 11.2 76 7.2 6.4 0.11 11.3 10.8 11.1 10.6 1026.2 0 0 0.005 0 25.6 42 11.7 25.2 7.89 1.1815 13.9 22 1 95.7 1
11.3 11.3 11.3 75 7 6.4 0.11 11.3 10.8 11.1 10.6 1026.1 0 0 0.005 0 25.6 42 11.7 25.2 7.89 1.1814 13.3 23 1 100 1
11.3 11.3 11.3 75 7 9.7 0.16 17.7 10.2 11.1 10 1026.2 0 0 0.005 0 25.6 42 11.7 25.2 7.89 1.1815 13.3 23 1 100 1
11.3 11.3 11.3 75 7.1 8 0.13 12.9 10.6 11.1 10.3 1026.2 0 0 0.005 0 25.6 43 12 25.2 8.05 1.1811 13.9 23 1 100 1
11.3 11.3 11.3 75 7.1 8 0.13 16.1 10.6 11.1 10.3 1026.1 0 0 0.005 0 25.6 43 12 25.2 8.05 1.181 14.4 22 1 95.7 1
11.4 11.4 11.3 75 7.1 8 0.13 22.5 10.7 11.1 10.4 1026.2 0 0 0.005 0 25.6 43 12 25.2 8.05 1.1811 14.4 22 1 95.7 1
11.4 11.4 11.4 75 7.1 8 0.13 16.1 10.7 11.1 10.4 1026.2 0 0 0.005 0 25.6 43 12 25.2 8.05 1.1811 15 22 1 95.7 1
11.4 11.4 11.4 74 7 8 0.13 14.5 10.7 11.2 10.4 1026.2 0 0 0.005 0 25.6 43 12 25.2 8.05 1.1811 14.4 23 1 100 1
11.5 11.5 11.4 74 7 8 0.13 14.5 10.8 11.2 10.5 1026.2 0 0 0.005 0 25.7 43 12.1 25.3 8.05 1.1805 14.4 21 1 91.3 1
11.5 11.5 11.5 74 7 11.3 0.19 16.1 10.2 11.2 9.9 1026.2 0 0 0.005 0 25.7 43 12.1 25.3 8.05 1.1805 15 22 1 95.7 1
11.6 11.6 11.5 74 7.1 9.7 0.16 12.9 10.6 11.3 10.3 1026.2 0 0 0.005 0 25.7 43 12.1 25.3 8.05 1.1805 14.4 23 1 100 1
11.6 11.6 11.6 73 6.9 4.8 0.08 9.7 11.6 11.2 11.2 1026.3 0 0 0.005 0 25.7 43 12.1 25.3 8.05 1.1806 14.4 23 1 100 1
11.6 11.6 11.6 74 7.1 1.6 0.03 8 11.6 11.3 11.3 1026.2 0 0 0.005 0 25.7 43 12.1 25.3 8.05 1.1805 15.6 22 1 95.7 1
11.7 11.7 11.6 74 7.2 12.9 0.21 24.1 10.1 11.4 9.8 1026.2 0 0 0.005 0 25.7 43 12.1 25.3 8.05 1.1805 15.6 22 1 95.7 1
11.7 11.7 11.7 73 7 16.1 0.27 22.5 9.4 11.4 9.1 1026.3 0 0 0.005 0 25.7 43 12.1 25.3 8.05 1.1806 14.4 24 1 100 1
11.7 11.7 11.7 72 6.8 11.3 0.19 19.3 10.5 11.4 10.2 1026.2 0 0 0.005 0 25.7 43 12.1 25.3 8.05 1.1805 14.4 22 1 95.7 1
11.7 11.7 11.7 72 6.8 8 0.13 14.5 11 11.4 10.7 1026.2 0 0 0.005 0 25.7 43 12.1 25.3 8.05 1.1805 13.9 24 1 100 1
11.8 11.8 11.8 72 6.9 11.3 0.19 19.3 10.6 11.4 10.2 1026.2 0 0 0.005 0 25.7 43 12.1 25.3 8.05 1.1805 13.9 22 1 95.7 1
11.7 11.8 11.7 72 6.8 9.7 0.16 19.3 10.7 11.4 10.4 1026.3 0 0 0.005 0 25.7 43 12.1 25.3 8.05 1.1806 13.3 22 1 95.7 1
11.7 11.7 11.7 72 6.8 8 0.13 14.5 11 11.4 10.7 1026.3 0 0 0.005 0 25.7 43 12.1 25.3 8.05 1.1806 13.9 24 1 100 1
11.7 11.7 11.7 72 6.8 8 0.13 14.5 11 11.4 10.7 1026.4 0 0 0.005 0 25.7 43 12.1 25.3 8.05 1.1807 13.3 21 1 91.3 1
11.8 11.8 11.7 72 6.9 8 0.13 12.9 11.1 11.4 10.7 1026.3 0 0 0.005 0 25.7 42 11.8 25.3 7.89 1.181 13.3 23 1 100 1
11.8 11.8 11.8 72 6.9 8 0.13 11.3 11.1 11.4 10.7 1026.4 0 0 0.005 0 25.7 42 11.8 25.3 7.89 1.1811 13.3 22 1 95.7 1
11.8 11.8 11.8 72 6.9 4.8 0.08 11.3 11.8 11.5 11.5 1026.4 0 0 0.005 0 25.7 42 11.8 25.3 7.89 1.181 13.9 22 1 95.7 1
11.8 11.8 11.8 71 6.7 8 0.13 16.1 11.2 11.4 10.8 1026.4 0 0 0.005 0 25.7 42 11.8 25.3 7.89 1.181 13.9 22 1 95.7 1
11.8 11.8 11.8 71 6.7 8 0.13 12.9 11.2 11.4 10.8 1026.4 0 0 0.005 0 25.7 42 11.8 25.3 7.89 1.1811 13.9 21 1 91.3 1
11.9 11.9 11.8 71 6.8 11.3 0.19 14.5 10.7 11.5 10.3 1026.5 0 0 0.004 0 25.7 42 11.8 25.3 7.89 1.1812 13.9 22 1 95.7 1
11.9 11.9 11.9 71 6.8 4.8 0.08 16.1 11.9 11.5 11.5 1026.4 0 0 0.004 0 25.8 42 11.9 25.4 7.88 1.1806 13.9 22 1 95.7 1
11.9 11.9 11.9 71 6.8 8 0.13 14.5 11.3 11.6 10.9 1026.5 0 0 0.004 0 25.8 42 11.9 25.4 7.88 1.1806 13.9 23 1 100 1
12 12 11.9 71 6.9 4.8 0.08 11.3 12 11.6 11.6 1026.4 0 0 0.004 0 25.8 42 11.9 25.4 7.88 1.1805 13.9 21 1 91.3 1
12.1 12.1 12 71 7 4.8 0.08 9.7 12.1 11.7 11.7 1026.4 0 0 0.004 0 25.8 42 11.9 25.4 7.88 1.1806 13.9 21 1 91.3 1
12.1 12.1 12.1 71 7 8 0.13 16.1 11.4 11.7 11 1026.5 0 0 0.004 0 25.8 42 11.9 25.4 7.88 1.1806 13.3 23 1 100 1
12.1 12.1 12.1 71 7 8 0.13 12.9 11.4 11.7 11 1026.4 0 0 0.004 0 25.8 42 11.9 25.4 7.88 1.1806 13.3 22 1 95.7 1
12.1 12.1 12.1 70 6.7 12.9 0.21 20.9 10.5 11.7 10.1 1026.5 0 0 0.004 0 25.8 42 11.9 25.4 7.88 1.1807 13.3 22 1 95.7 1
12.1 12.1 12.1 70 6.7 8 0.13 14.5 11.4 11.7 11 1026.5 0 0 0.004 0 25.8 42 11.9 25.4 7.88 1.1807 13.3 22 1 95.7 1
12.1 12.1 12.1 70 6.7 11.3 0.19 17.7 10.9 11.7 10.5 1026.5 0 0 0.004 0 25.8 42 11.9 25.4 7.88 1.1807 12.8 23 1 100 1
12 12.1 12 70 6.7 12.9 0.21 20.9 10.4 11.6 10.1 1026.6 0 0 0.004 0 25.8 42 11.9 25.4 7.88 1.1808 12.8 21 1 91.3 1
11.9 12 11.9 70 6.6 12.9 0.21 17.7 10.4 11.6 10 1026.5 0 0 0.004 0 25.8 42 11.9 25.4 7.88 1.1807 12.8 22 1 95.7 1
11.9 11.9 11.9 70 6.6 12.9 0.21 17.7 10.3 11.5 9.9 1026.7 0 0 0.004 0 25.8 41 11.5 25.3 7.75 1.1812 12.8 22 1 95.7 1
11.8 11.9 11.8 70 6.5 14.5 0.24 24.1 9.9 11.4 9.5 1026.6 0 0 0.005 0 25.8 41 11.5 25.3 7.75 1.1812 12.8 23 1 100 1
11.8 11.8 11.8 70 6.5 12.9 0.21 24.1 10.3 11.4 9.9 1026.6 0 0 0.005 0 25.8 41 11.5 25.3 7.75 1.1812 12.8 23 1 100 1
11.8 11.8 11.8 70 6.5 17.7 0.3 25.7 9.1 11.4 8.7 1026.6 0 0 0.005 0 25.8 41 11.5 25.3 7.75 1.1811 12.2 23 1 100 1
11.8 11.8 11.8 70 6.5 14.5 0.24 19.3 9.8 11.4 9.4 1026.7 0 0 0.005 0 25.8 41 11.5 25.3 7.75 1.1813 12.8 21 1 91.3 1
11.7 11.8 11.7 70 6.4 16.1 0.27 32.2 9.4 11.3 9 1026.7 0 0 0.005 0 25.8 41 11.5 25.3 7.75 1.1813 12.8 24 1 100 1
11.7 11.7 11.7 71 6.6 16.1 0.27 24.1 9.4 11.3 9 1026.7 0 0 0.005 0 25.8 41 11.5 25.3 7.75 1.1813 12.8 21 1 91.3 1
11.7 11.7 11.7 71 6.6 16.1 0.27 32.2 9.4 11.3 9 1026.6 0 0 0.005 0 25.8 41 11.5 25.3 7.75 1.1811 12.8 23 1 100 1
11.7 11.7 11.7 71 6.6 6.4 0.11 11.3 11.3 11.3 10.9 1026.6 0 0 0.005 0 25.8 41 11.5 25.3 7.75 1.1812 12.8 23 1 100 1
11.8 11.8 11.8 71 6.7 9.7 0.16 17.7 10.8 11.4 10.4 1026.6 0 0 0.005 0 25.8 41 11.5 25.3 7.75 1.1812 12.8 23 1 100 1
11.8 11.8 11.8 71 6.7 6.4 0.11 12.9 11.5 11.4 11.1 1026.6 0 0 0.005 0 25.8 41 11.5 25.3 7.75 1.1812 12.8 23 1 100 1
11.8 11.8 11.8 71 6.7 8 0.13 12.9 11.2 11.4 10.8 1026.6 0 0 0.005 0 25.8 41 11.5 25.3 7.75 1.1812 12.8 22 1 95.7 1
11.9 11.9 11.8 71 6.8 8 0.13 16.1 11.2 11.5 10.8 1026.7 0 0 0.004 0 25.8 41 11.5 25.3 7.75 1.1812 12.8 23 1 100 1
11.9 11.9 11.9 70 6.6 8 0.13 12.9 11.2 11.5 10.8 1026.6 0 0 0.004 0 25.8 41 11.5 25.3 7.75 1.1812 12.8 22 1 95.7 1
11.9 11.9 11.9 70 6.6 3.2 0.05 6.4 11.9 11.5 11.5 1026.6 0 0 0.004 0 25.8 41 11.5 25.3 7.75 1.1812 13.3 22 1 95.7 1
11.9 11.9 11.9 71 6.8 6.4 0.11 9.7 11.6 11.6 11.2 1026.6 0 0 0.004 0 25.8 41 11.5 25.3 7.75 1.1812 13.3 23 1 100 1
11.9 11.9 11.9 70 6.6 8 0.13 12.9 11.3 11.6 10.9 1026.6 0 0 0.004 0 25.8 41 11.5 25.3 7.75 1.1812 13.9 22 1 95.7 1
11.9 11.9 11.9 70 6.6 11.3 0.19 19.3 10.8 11.6 10.4 1026.7 0 0 0.004 0 25.8 41 11.5 25.3 7.75 1.1812 13.9 23 1 100 1
12 12 12 70 6.7 4.8 0.08 9.7 12 11.6 11.6 1026.7 0 0 0.004 0 25.8 41 11.5 25.3 7.75 1.1812 13.9 21 1 91.3 1
12 12 12 69 6.5 11.3 0.19 19.3 10.8 11.6 10.4 1026.7 0 0 0.004 0 25.8 41 11.5 25.3 7.75 1.1812 13.3 24 1 100 1
12 12 12 69 6.5 8 0.13 11.3 11.3 11.6 10.9 1026.7 0 0 0.004 0 25.8 41 11.5 25.3 7.75 1.1813 13.9 22 1 95.7 1
12.1 12.1 12 69 6.5 9.7 0.16 14.5 11.1 11.6 10.7 1026.7 0 0 0.004 0 25.8 41 11.5 25.3 7.75 1.1813 14.4 22 1 95.7 1
12 12 12 69 6.5 8 0.13 12.9 11.3 11.6 10.9 1026.7 0 0 0.004 0 25.8 41 11.5 25.3 7.75 1.1813 15 22 1 95.7 1
12.1 12.1 12 69 6.5 9.7 0.16 16.1 11.1 11.6 10.7 1026.7 0 0 0.004 0 25.8 41 11.5 25.3 7.75 1.1813 15 22 1 95.7 1
12.1 12.1 12.1 69 6.6 6.4 0.11 12.9 11.8 11.7 11.4 1026.7 0 0 0.004 0 25.8 41 11.5 25.3 7.75 1.1813 15.6 24 1 100 1
12.2 12.2 12.1 69 6.6 3.2 0.05 6.4 12.2 11.7 11.7 1026.7 0 0 0.004 0 25.8 41 11.5 25.3 7.75 1.1813 16.1 22 1 95.7 1
12.2 12.2 12.2 69 6.7 3.2 0.05 9.7 12.2 11.8 11.8 1026.7 0 0 0.004 0 25.8 41 11.5 25.3 7.75 1.1813 16.7 23 1 100 1
12.3 12.3 12.2 70 7 3.2 0.05 8 12.3 11.9 11.9 1026.7 0 0 0.004 0 25.8 41 11.5 25.3 7.75 1.1813 17.2 22 1 95.7 1
12.4 12.4 12.3 68 6.6 14.5 0.24 22.5 10.6 11.9 10.1 1026.7 0 0 0.004 0 25.8 41 11.5 25.3 7.75 1.1813 16.1 23 1 100 1
12.3 12.4 12.3 67 6.4 11.3 0.19 16.1 11.2 11.8 10.7 1026.7 0 0 0.004 0 25.8 41 11.5 25.3 7.75 1.1813 15 23 1 100 1
12.3 12.3 12.3 67 6.3 11.3 0.19 14.5 11.2 11.8 10.7 1026.7 0 0 0.004 0 25.8 41 11.5 25.3 7.75 1.1813 15 22 1 95.7 1
12.2 12.3 12.2 67 6.3 11.3 0.19 20.9 11.1 11.7 10.6 1026.6 0 0 0.004 0 25.8 41 11.5 25.3 7.75 1.1812 14.4 23 1 100 1
12.2 12.2 12.2 68 6.4 8 0.13 12.9 11.6 11.7 11.1 1026.7 0 0 0.004 0 25.8 41 11.5 25.3 7.75 1.1812 14.4 21 1 91.3 1
12.2 12.2 12.2 68 6.4 8 0.13 16.1 11.6 11.7 11.1 1026.6 0 0 0.004 0 25.8 41 11.5 25.3 7.75 1.1812 15 23 1 100 1
12.2 12.2 12.2 68 6.4 11.3 0.19 17.7 11.1 11.7 10.6 1026.7 0 0 0.004 0 25.8 41 11.5 25.3 7.75 1.1813 15 23 1 100 1
12.1 12.2 12.1 68 6.4 8 0.13 14.5 11.5 11.7 11.1 1026.7 0 0 0.004 0 25.8 41 11.5 25.3 7.75 1.1812 15 23 1 100 1
12.1 12.1 12.1 68 6.4 9.7 0.16 17.7 11.2 11.7 10.8 1026.6 0 0 0.004 0 25.8 40 11.2 25.3 7.58 1.1816 14.4 23 1 100 1
12.1 12.1 12.1 68 6.4 12.9 0.21 19.3 10.6 11.7 10.2 1026.6 0 0 0.004 0 25.8 41 11.5 25.3 7.75 1.1812 15 23 1 100 1
12.1 12.1 12.1 66 5.9 19.3 0.32 27.4 9.2 11.6 8.7 1026.7 0 0 0.004 0 25.8 40 11.2 25.3 7.58 1.1816 14.4 23 1 100 1
12.1 12.1 12.1 67 6.1 14.5 0.24 25.7 10.1 11.6 9.6 1026.6 0 0 0.004 0 25.8 40 11.2 25.3 7.58 1.1816 15 23 1 100 1
12.1 12.1 12.1 67 6.1 9.7 0.16 19.3 11.1 11.6 10.6 1026.6 0 0 0.004 0 25.8 40 11.2 25.3 7.58 1.1816 15.6 21 1 91.3 1
12.1 12.1 12.1 66 5.9 11.3 0.19 16.1 11 11.6 10.5 1026.7 0 0 0.004 0 25.8 40 11.2 25.3 7.58 1.1816 15 23 1 100 1
12.1 12.1 12.1 66 5.9 14.5 0.24 22.5 10.2 11.6 9.7 1026.6 0 0 0.004 0 25.8 40 11.2 25.3 7.58 1.1816 14.4 23 1 100 1
12.1 12.2 12.1 66 5.9 9.7 0.16 14.5 11.2 11.6 10.7 1026.6 0 0 0.004 0 25.8 40 11.2 25.3 7.58 1.1815 15 24 1 100 1
12.2 12.2 12.2 67 6.2 8 0.13 16.1 11.6 11.7 11.1 1026.5 0 0 0.004 0 25.8 40 11.2 25.3 7.58 1.1815 15 22 1 95.7 1
12.2 12.2 12.2 66 6 12.9 0.21 20.9 10.7 11.7 10.2 1026.6 0 0 0.004 0 25.8 40 11.2 25.3 7.58 1.1815 15 22 1 95.7 1
12.2 12.2 12.2 66 6 14.5 0.24 25.7 10.3 11.7 9.8 1026.6 0 0 0.004 0 25.8 40 11.2 25.3 7.58 1.1816 15 21 1 91.3 1
12.2 12.2 12.2 66 6 14.5 0.24 25.7 10.3 11.7 9.8 1026.6 0 0 0.004 0 25.8 40 11.2 25.3 7.58 1.1816 14.4 23 1 100 1
12.2 12.2 12.2 66 6 16.1 0.27 22.5 9.9 11.7 9.4 1026.6 0 0 0.004 0 25.8 40 11.2 25.3 7.58 1.1816 14.4 22 1 95.7 1
12.2 12.2 12.2 65 5.8 11.3 0.19 16.1 11.1 11.6 10.5 1026.6 0 0 0.004 0 25.8 40 11.2 25.3 7.58 1.1816 14.4 22 1 95.7 1
12.2 12.2 12.2 65 5.8 8 0.13 20.9 11.6 11.7 11.1 1026.6 0 0 0.004 0 25.8 40 11.2 25.3 7.58 1.1815 15 21 1 91.3 1
12.2 12.2 12.2 65 5.8 9.7 0.16 19.3 11.3 11.7 10.8 1026.5 0 0 0.004 0 25.8 40 11.2 25.3 7.58 1.1815 15 23 1 100 1
12.3 12.3 12.2 65 5.9 6.4 0.11 11.3 12 11.7 11.4 1026.7 0 0 0.004 0 25.8 40 11.2 25.3 7.58 1.1817 15.6 22 1 95.7 1
12.3 12.3 12.3 65 5.9 9.7 0.16 12.9 11.4 11.7 10.8 1026.6 0 0 0.004 0 25.8 40 11.2 25.3 7.58 1.1816 15.6 24 1 100 1
12.3 12.3 12.3 64 5.7 14.5 0.24 24.1 10.4 11.8 9.9 1026.6 0 0 0.004 0 25.8 40 11.2 25.3 7.58 1.1816 15 21 1 91.3 1
12.3 12.3 12.3 64 5.7 16.1 0.27 20.9 10.1 11.7 9.5 1026.7 0 0 0.004 0 25.8 40 11.2 25.3 7.58 1.1816 14.4 23 1 100 1
12.2 12.2 12.2 64 5.6 9.7 0.16 16.1 11.3 11.7 10.8 1026.6 0 0 0.004 0 25.8 40 11.2 25.3 7.58 1.1816 15 23 1 100 1
12.2 12.2 12.2 64 5.6 11.3 0.19 16.1 11.1 11.7 10.6 1026.6 0 0 0.004 0 25.8 40 11.2 25.3 7.58 1.1816 14.4 22 1 95.7 1
12.2 12.2 12.2 64 5.6 11.3 0.19 16.1 11.1 11.7 10.6 1026.6 0 0 0.004 0 25.8 40 11.2 25.3 7.58 1.1816 15 24 1 100 1
12.2 12.2 12.2 64 5.6 6.4 0.11 9.7 11.9 11.7 11.4 1026.6 0 0 0.004 0 25.8 40 11.2 25.3 7.58 1.1815 15.6 21 1 91.3 1
12.3 12.3 12.2 64 5.7 4.8 0.08 8 12.3 11.7 11.7 1026.6 0 0 0.004 0 25.8 40 11.2 25.3 7.58 1.1816 16.1 24 1 100 1
12.4 12.4 12.3 65 6 11.3 0.19 19.3 11.3 11.8 10.8 1026.6 0 0 0.004 0 25.8 40 11.2 25.3 7.58 1.1816 15.6 23 1 100 1
12.4 12.4 12.4 64 5.8 12.9 0.21 24.1 11 11.9 10.4 1026.7 0 0 0.004 0 25.8 40 11.2 25.3 7.58 1.1816 15.6 23 1 100 1
12.5 12.5 12.4 64 5.9 11.3 0.19 19.3 11.4 11.9 10.8 1026.7 0 0 0.004 0 25.8 40 11.2 25.3 7.58 1.1816 15.6 24 1 100 1
12.5 12.5 12.4 65 6.1 6.4 0.11 11.3 12.3 11.9 11.7 1026.6 0 0 0.004 0 25.8 40 11.2 25.3 7.58 1.1816 16.1 22 1 95.7 1
12.6 12.6 12.5 65 6.1 8 0.13 12.9 12 12 11.4 1026.7 0 0 0.004 0 25.8 40 11.2 25.3 7.58 1.1816 16.1 23 1 100 1
12.6 12.6 12.6 65 6.2 8 0.13 11.3 12.1 12.1 11.5 1026.6 0 0 0.004 0 25.8 40 11.2 25.3 7.58 1.1816 17.2 23 1 100 1
12.7 12.7 12.6 65 6.3 6.4 0.11 9.7 12.5 12.2 11.9 1026.7 0 0 0.004 0 25.8 40 11.2 25.3 7.58 1.1816 17.2 24 1 100 1
12.8 12.8 12.7 64 6.1 8 0.13 14.5 12.3 12.2 11.7 1026.7 0 0 0.004 0 25.8 40 11.2 25.3 7.58 1.1816 17.2 21 1 91.3 1
12.8 12.8 12.8 64 6.2 6.4 0.11 14.5 12.6 12.2 12 1026.7 0 0 0.004 0 25.8 40 11.2 25.3 7.58 1.1817 16.7 22 1 95.7 1
12.9 12.9 12.9 64 6.2 9.7 0.16 16.1 12.1 12.3 11.5 1026.8 0 0 0.004 0 25.8 40 11.2 25.3 7.58 1.1817 15.6 24 1 100 1
12.9 12.9 12.9 63 6.1 9.7 0.16 12.9 12.2 12.3 11.6 1026.8 0 0 0.004 0 25.8 40 11.2 25.3 7.58 1.1817 15.6 22 1 95.7 1
12.9 12.9 12.9 63 6.1 9.7 0.16 16.1 12.2 12.3 11.6 1026.7 0 0 0.004 0 25.8 40 11.2 25.3 7.58 1.1817 15 24 1 100 1
12.9 12.9 12.9 62 5.8 12.9 0.21 17.7 11.6 12.3 10.9 1026.8 0 0 0.004 0 25.8 40 11.2 25.3 7.58 1.1817 15 21 1 91.3 1
12.9 12.9 12.9 62 5.8 9.7 0.16 20.9 12.1 12.2 11.4 1026.8 0 0 0.004 0 25.8 40 11.2 25.3 7.58 1.1818 15 22 1 95.7 1
12.8 12.8 12.8 62 5.7 6.4 0.11 14.5 12.6 12.2 11.9 1026.8 0 0 0.004 0 25.8 40 11.2 25.3 7.58 1.1817 15 23 1 100 1
12.8 12.8 12.8 62 5.7 9.7 0.16 16.1 12.1 12.2 11.4 1026.8 0 0 0.004 0 25.8 40 11.2 25.3 7.58 1.1817 14.4 23 1 100 1
12.8 12.8 12.8 62 5.7 8 0.13 12.9 12.3 12.2 11.7 1026.8 0 0 0.004 0 25.8 39 10.8 25.3 7.48 1.1821 14.4 24 1 100 1
12.8 12.8 12.8 62 5.7 8 0.13 9.7 12.3 12.2 11.7 1026.7 0 0 0.004 0 25.8 39 10.8 25.3 7.48 1.182 14.4 23 1 100 1
12.8 12.8 12.8 62 5.7 6.4 0.11 14.5 12.6 12.1 11.9 1026.7 0 0 0.004 0 25.8 39 10.8 25.3 7.48 1.1821 15 23 1 100 1
12.8 12.8 12.8 62 5.7 9.7 0.16 16.1 12.1 12.2 11.4 1026.7 0 0 0.004 0 25.8 39 10.8 25.3 7.48 1.1821 15.6 23 1 100 1
12.8 12.8 12.8 62 5.7 11.3 0.19 17.7 11.8 12.1 11.1 1026.7 0 0 0.004 0 25.8 39 10.8 25.3 7.48 1.1821 15 23 1 100 1
12.8 12.8 12.8 62 5.7 3.2 0.05 9.7 12.8 12.1 12.1 1026.7 0 0 0.004 0 25.8 39 10.8 25.3 7.48 1.1821 15 23 1 100 1
12.8 12.8 12.8 62 5.7 9.7 0.16 20.9 12 12.1 11.3 1026.7 0 0 0.004 0 25.8 39 10.8 25.3 7.48 1.1821 15.6 23 1 100 1
12.8 12.8 12.8 62 5.7 11.3 0.19 16.1 11.8 12.1 11.1 1026.8 0 0 0.004 0 25.8 39 10.8 25.3 7.48 1.1822 15 24 1 100 1
12.7 12.8 12.7 62 5.6 9.7 0.16 14.5 11.9 12.1 11.3 1026.8 0 0 0.004 0 25.8 39 10.8 25.3 7.48 1.1821 15.6 22 1 95.7 1
12.7 12.7 12.7 62 5.6 6.4 0.11 12.9 12.5 12.1 11.8 1026.7 0 0 0.004 0 25.8 39 10.8 25.3 7.48 1.1821 16.1 23 1 100 1
12.8 12.8 12.7 62 5.7 4.8 0.08 8 12.8 12.1 12.1 1026.7 0 0 0.004 0 25.8 39 10.8 25.3 7.48 1.1821 16.7 24 1 100 1
12.8 12.8 12.8 62 5.7 11.3 0.19 16.1 11.8 12.2 11.2 1026.9 0 0 0.004 0 25.9 39 10.9 25.4 7.48 1.1817 16.1 23 1 100 1
12.8 12.8 12.8 62 5.7 12.9 0.21 17.7 11.4 12.2 10.8 1026.9 0 0 0.004 0 25.9 39 10.9 25.4 7.48 1.1817 15.6 23 1 100 1
12.8 12.8 12.8 62 5.7 8 0.13 14.5 12.3 12.2 11.7 1026.7 0 0 0.004 0 25.9 39 10.9 25.4 7.48 1.1816 15 23 1 100 1
12.8 12.8 12.8 62 5.7 6.4 0.11 12.9 12.6 12.2 11.9 1026.7 0 0 0.004 0 25.9 39 10.9 25.4 7.48 1.1815 15 23 1 100 1
12.8 12.8 12.8 61 5.4 17.7 0.3 29 10.3 12.1 9.7 1026.9 0 0 0.004 0 25.9 39 10.9 25.4 7.48 1.1818 14.4 23 1 100 1
12.7 12.8 12.7 61 5.4 14.5 0.24 20.9 10.9 12.1 10.3 1026.9 0 0 0.004 0 25.9 39 10.9 25.4 7.48 1.1818 14.4 23 1 100 1
12.7 12.7 12.7 61 5.3 14.5 0.24 20.9 10.9 12 10.2 1026.8 0 0 0.004 0 25.9 39 10.9 25.4 7.48 1.1816 14.4 24 1 100 1
12.6 12.7 12.6 61 5.3 12.9 0.21 22.5 11.2 11.9 10.5 1026.8 0 0 0.004 0 25.9 39 10.9 25.4 7.48 1.1816 15 23 1 100 1
12.7 12.7 12.6 61 5.3 8 0.13 11.3 12.2 12 11.5 1026.8 0 0 0.004 0 25.9 39 10.9 25.4 7.48 1.1816 15 24 1 100 1
12.7 12.7 12.7 62 5.6 6.4 0.11 12.9 12.4 12 11.8 1026.7 0 0 0.004 0 25.9 39 10.9 25.4 7.48 1.1816 16.1 22 1 95.7 1
12.7 12.7 12.7 61 5.4 11.3 0.19 17.7 11.7 12.1 11.1 1026.8 0 0 0.004 0 25.9 39 10.9 25.4 7.48 1.1816 15.6 23 1 100 1
12.7 12.7 12.7 61 5.4 8 0.13 12.9 12.2 12.1 11.6 1026.7 0 0 0.004 0 25.9 39 10.9 25.4 7.48 1.1816 16.1 23 1 100 1
12.8 12.8 12.8 61 5.4 6.4 0.11 14.5 12.6 12.1 11.9 1026.7 0 0 0.004 0 25.9 39 10.9 25.4 7.48 1.1816 16.1 21 1 91.3 1
12.8 12.8 12.8 61 5.5 8 0.13 19.3 12.3 12.2 11.7 1026.7 0 0 0.004 0 25.9 39 10.9 25.4 7.48 1.1815 15.6 24 1 100 1
12.9 12.9 12.8 61 5.5 14.5 0.24 20.9 11.1 12.2 10.4 1026.7 0 0 0.004 0 25.9 39 10.9 25.4 7.48 1.1816 15.6 22 1 95.7 1
12.9 12.9 12.9 61 5.5 16.1 0.27 25.7 10.7 12.2 10.1 1026.8 0 0 0.004 0 25.9 39 10.9 25.4 7.48 1.1816 15.6 24 1 100 1
12.9 12.9 12.9 61 5.5 8 0.13 17.7 12.4 12.2 11.7 1026.8 0 0 0.004 0 25.9 39 10.9 25.4 7.48 1.1816 15 22 1 95.7 1
12.9 12.9 12.9 61 5.5 8 0.13 16.1 12.4 12.2 11.7 1026.7 0 0 0.004 0 26 39 11 25.5 7.47 1.181 15 23 1 100 1
12.9 12.9 12.9 61 5.6 14.5 0.24 25.7 11.2 12.3 10.6 1026.8 0 0 0.004 0 26 39 11 25.5 7.47 1.1811 14.4 23 1 100 1
12.8 12.9 12.8 59 5 16.1 0.27 25.7 10.7 12.1 9.9 1026.8 0 0 0.004 0 26 39 11 25.5 7.47 1.1811 13.9 23 1 100 1
12.7 12.8 12.7 59 4.9 17.7 0.3 20.9 10.3 12 9.6 1026.8 0 0 0.004 0 26 39 11 25.5 7.47 1.1811 13.3 23 1 100 1
12.7 12.7 12.7 60 5.1 6.4 0.11 11.3 12.4 11.9 11.7 1026.7 0 0 0.004 0 26 39 11 25.5 7.47 1.181 13.3 23 1 100 1
12.7 12.7 12.7 60 5.1 9.7 0.16 19.3 11.9 11.9 11.2 1026.8 0 0 0.004 0 26 39 11 25.5 7.47 1.1811 13.3 21 1 91.3 1
12.6 12.7 12.6 60 5 9.7 0.16 16.1 11.8 11.9 11.1 1026.7 0 0 0.004 0 26 39 11 25.5 7.47 1.181 13.3 23 1 100 1
12.6 12.6 12.6 60 5 8 0.13 12.9 12.1 11.9 11.3 1026.8 0 0 0.004 0 26 39 11 25.5 7.47 1.1811 13.3 23 1 100 1
12.6 12.6 12.6 60 5 4.8 0.08 9.7 12.6 11.9 11.9 1026.7 0 0 0.004 0 26 39 11 25.5 7.47 1.181 13.3 23 1 100 1
12.6 12.6 12.6 60 5 4.8 0.08 6.4 12.6 11.9 11.9 1026.7 0 0 0.004 0 26 39 11 25.5 7.47 1.181 13.9 22 1 95.7 1
12.7 12.7 12.7 60 5.1 9.7 0.16 17.7 11.9 11.9 11.2 1026.8 0 0 0.004 0 26 39 11 25.5 7.47 1.1811 13.9 21 1 91.3 1
12.7 12.7 12.7 60 5.1 12.9 0.21 20.9 11.3 11.9 10.6 1026.8 0 0 0.004 0 26 39 11 25.5 7.47 1.1811 13.3 24 1 100 1
12.6 12.6 12.6 60 5 8 0.13 12.9 12.1 11.9 11.3 1026.8 0 0 0.004 0 26 39 11 25.5 7.47 1.1811 13.3 23 1 100 1
12.6 12.6 12.6 60 5 9.7 0.16 14.5 11.8 11.9 11.1 1026.8 0 0 0.004 0 26 39 11 25.5 7.47 1.1811 13.3 23 1 100 1
12.6 12.6 12.6 60 5 11.3 0.19 22.5 11.6 11.9 10.8 1026.8 0 0 0.004 0 26 39 11 25.5 7.47 1.1811 13.3 22 1 95.7 1
12.6 12.6 12.6 60 5 9.7 0.16 22.5 11.8 11.9 11.1 1026.8 0 0 0.004 0 26 39 11 25.5 7.47 1.1811 13.3 24 1 100 1
12.6 12.6 12.6 60 5 8 0.13 14.5 12.1 11.9 11.3 1026.8 0 0 0.004 0 26 39 11 25.5 7.47 1.1811 13.3 23 1 100 1
12.6 12.6 12.6 60 5 9.7 0.16 17.7 11.8 11.9 11.1 1026.8 0 0 0.004 0 26 39 11 25.5 7.47 1.1811 13.9 22 1 95.7 1
12.7 12.7 12.6 60 5.1 8 0.13 14.5 12.2 11.9 11.4 1026.7 0 0 0.004 0 26 39 11 25.5 7.47 1.181 13.9 24 1 100 1
12.7 12.7 12.7 60 5.1 9.7 0.16 14.5 11.9 12 11.2 1026.7 0 0 0.004 0 26 39 11 25.5 7.47 1.181 13.9 23 1 100 1
12.7 12.7 12.7 60 5.1 8 0.13 14.5 12.2 12 11.5 1026.7 0 0 0.004 0 26 39 11 25.5 7.47 1.181 13.9 23 1 100 1
12.8 12.8 12.7 60 5.2 11.3 0.19 14.5 11.8 12.1 11.1 1026.7 0 0 0.004 0 26 39 11 25.5 7.47 1.181 13.9 23 1 100 1
12.8 12.8 12.8 60 5.2 8 0.13 16.1 12.3 12.1 11.6 1026.7 0 0 0.004 0 26 39 11 25.5 7.47 1.181 13.9 23 1 100 1
12.8 12.8 12.8 59 5 11.3 0.19 19.3 11.8 12.1 11.1 1026.9 0 0 0.004 0 26 39 11 25.5 7.47 1.1812 13.9 24 1 100 1
12.9 12.9 12.8 59 5.1 6.4 0.11 16.1 12.7 12.2 11.9 1026.8 0 0 0.004 0 26 39 11 25.5 7.47 1.1811 14.4 22 1 95.7 1
12.9 12.9 12.9 60 5.3 9.7 0.16 14.5 12.1 12.2 11.4 1026.8 0 0 0.004 0 26 39 11 25.5 7.47 1.1811 14.4 24 1 100 1
12.9 12.9 12.9 59 5.1 11.3 0.19 16.1 12 12.2 11.3 1026.8 0 0 0.004 0 26 39 11 25.5 7.47 1.1811 13.9 23 1 100 1
12.9 12.9 12.9 59 5.1 9.7 0.16 16.1 12.2 12.2 11.5 1026.9 0 0 0.004 0 26 39 11 25.5 7.47 1.1812 13.9 23 1 100 1
12.9 12.9 12.9 59 5.1 14.5 0.24 17.7 11.1 12.2 10.4 1026.8 0 0 0.004 0 26 38 10.6 25.4 7.27 1.1815 13.3 22 1 95.7 1
12.9 12.9 12.9 59 5.1 11.3 0.19 17.7 11.9 12.2 11.2 1026.8 0 0 0.004 0 26 38 10.6 25.4 7.27 1.1815 13.3 23 1 100 1
12.8 12.8 12.8 60 5.3 12.9 0.21 22.5 11.4 12.1 10.7 1026.8 0 0 0.004 0 26 38 10.6 25.4 7.27 1.1815 13.3 23 1 100 1
12.8 12.8 12.8 59 5 12.9 0.21 17.7 11.4 12.1 10.7 1026.9 0 0 0.004 0 26 38 10.6 25.4 7.27 1.1816 13.3 22 1 95.7 1
12.8 12.8 12.8 59 5 14.5 0.24 22.5 11 12.1 10.3 1026.9 0 0 0.004 0 25.9 38 10.5 25.3 7.28 1.1821 13.3 24 1 100 1
12.7 12.8 12.7 59 4.9 12.9 0.21 22.5 11.3 12 10.6 1026.9 0 0 0.004 0 25.9 38 10.5 25.3 7.28 1.1821 13.3 23 1 100 1
12.7 12.7 12.7 59 4.9 17.7 0.3 33.8 10.3 12 9.6 1026.9 0 0 0.004 0 25.9 38 10.5 25.3 7.28 1.1821 13.3 23 1 100 1
12.7 12.7 12.7 59 4.9 12.9 0.21 33.8 11.3 11.9 10.6 1026.9 0 0 0.004 0 25.9 38 10.5 25.3 7.28 1.1821 13.3 24 1 100 1
12.7 12.7 12.7 59 4.9 8 0.13 14.5 12.2 11.9 11.4 1026.9 0 0 0.004 0 25.9 38 10.5 25.3 7.28 1.1821 13.9 23 1 100 1
12.7 12.7 12.7 60 5.1 11.3 0.19 20.9 11.7 12 11 1026.9 0 0 0.004 0 25.9 38 10.5 25.3 7.28 1.1821 13.9 24 1 100 1
12.7 12.7 12.7 60 5.1 14.5 0.24 27.4 10.9 12 10.2 1027 0 0 0.004 0 25.9 38 10.5 25.3 7.28 1.1823 13.3 22 1 95.7 1
12.7 12.7 12.7 60 5.1 11.3 0.19 17.7 11.7 12 11 1026.9 0 0 0.004 0 25.9 38 10.5 25.3 7.28 1.1821 13.3 24 1 100 1
12.7 12.7 12.7 60 5.1 11.3 0.19 22.5 11.7 12 11 1026.9 0 0 0.004 0 25.9 37 10.1 25.3 7.18 1.1825 13.3 23 1 100 1
12.7 12.7 12.7 60 5.1 11.3 0.19 17.7 11.7 12 11 1026.9 0 0 0.004 0 25.9 37 10.1 25.3 7.18 1.1825 13.3 23 1 100 1
12.7 12.7 12.7 60 5.1 9.7 0.16 16.1 11.9 11.9 11.2 1026.9 0 0 0.004 0 25.9 37 10.1 25.3 7.18 1.1825 13.3 24 1 100 1
12.7 12.7 12.7 60 5.1 9.7 0.16 16.1 11.9 11.9 11.2 1026.9 0 0 0.004 0 25.9 37 10.1 25.3 7.18 1.1825 13.9 23 1 100 1
12.7 12.7 12.7 61 5.4 6.4 0.11 11.3 12.5 12.1 11.8 1026.8 0 0 0.004 0 25.9 37 10.1 25.3 7.18 1.1825 14.4 24 1 100 1
12.8 12.8 12.8 61 5.4 9.7 0.16 16.1 12 12.1 11.3 1026.9 0 0 0.004 0 25.9 37 10.1 25.3 7.18 1.1825 14.4 22 1 95.7 1
12.8 12.8 12.8 61 5.5 9.7 0.16 20.9 12.1 12.2 11.4 1026.9 0 0 0.004 0 25.9 37 10.1 25.3 7.18 1.1825 15 23 1 100 1
12.8 12.8 12.8 61 5.5 3.2 0.05 6.4 12.8 12.2 12.2 1026.8 0 0 0.004 0 25.9 37 10.1 25.3 7.18 1.1824 15.6 24 1 100 1
12.9 12.9 12.8 61 5.5 8 0.13 14.5 12.4 12.2 11.7 1026.8 0 0 0.004 0 25.9 37 10.1 25.3 7.18 1.1824 16.1 23 1 100 1
12.9 12.9 12.9 61 5.6 11.3 0.19 16.1 12 12.3 11.3 1026.7 0 0 0.004 0 25.9 37 10.1 25.3 7.18 1.1823 15.6 23 1 100 1
12.9 12.9 12.9 60 5.4 9.7 0.16 16.1 12.2 12.2 11.5 1026.8 0 0 0.004 0 25.9 37 10.1 25.3 7.18 1.1825 15.6 23 1 100 1
13 13 13 60 5.4 9.7 0.16 14.5 12.3 12.3 11.6 1026.9 0 0 0.004 0 25.9 37 10.1 25.3 7.18 1.1825 15.6 23 1 100 1
13 13 13 60 5.4 8 0.13 16.1 12.6 12.3 11.8 1026.8 0 0 0.004 0 25.9 37 10.1 25.3 7.18 1.1825 14.4 22 1 95.7 1
13 13 13 59 5.2 6.4 0.11 16.1 12.8 12.3 12.1 1026.8 0 0 0.004 0 25.9 37 10.1 25.3 7.18 1.1824 13.9 22 1 95.7 1
13 13 13 59 5.2 6.4 0.11 12.9 12.8 12.3 12.1 1026.8 0 0 0.004 0 25.9 37 10.1 25.3 7.18 1.1825 13.9 24 1 100 1
12.9 12.9 12.9 59 5.1 12.9 0.21 22.5 11.6 12.2 10.9 1026.8 0 0 0.004 0 25.9 37 10.1 25.3 7.18 1.1825 13.3 21 1 91.3 1
12.8 12.9 12.8 59 5 14.5 0.24 20.9 11.1 12.1 10.3 1026.8 0 0 0.004 0 25.9 37 10.1 25.3 7.18 1.1825 12.8 24 1 100 1
12.8 12.8 12.8 59 5 9.7 0.16 17.7 12 12.1 11.3 1026.8 0 0 0.004 0 25.9 37 10.1 25.3 7.18 1.1824 12.8 22 1 95.7 1
12.7 12.7 12.7 59 4.9 8 0.13 11.3 12.2 12 11.5 1026.8 0 0 0.004 0 25.9 37 10.1 25.3 7.18 1.1824 13.3 23 1 100 1
12.7 12.7 12.7 59 4.9 8 0.13 16.1 12.2 12 11.5 1026.8 0 0 0.004 0 25.9 38 10.5 25.3 7.28 1.1821 13.3 23 1 100 1
12.7 12.7 12.7 59 4.9 6.4 0.11 14.5 12.4 11.9 11.7 1026.8 0 0 0.004 0 25.9 37 10.1 25.3 7.18 1.1824 13.3 23 1 100 1
12.7 12.7 12.7 59 4.9 8 0.13 14.5 12.2 11.9 11.4 1026.8 0 0 0.004 0 25.9 38 10.5 25.3 7.28 1.182 12.8 23 1 100 1
12.6 12.7 12.6 60 5 14.5 0.24 22.5 10.8 11.9 10.1 1026.8 0 0 0.004 0 25.9 38 10.5 25.3 7.28 1.1821 12.8 22 1 95.7 1
12.6 12.6 12.6 60 5 12.9 0.21 22.5 11.1 11.8 10.4 1026.9 0 0 0.004 0 25.9 38 10.5 25.3 7.28 1.1821 12.8 23 1 100 1
12.5 12.6 12.5 61 5.2 8 0.13 14.5 11.9 11.8 11.3 1026.9 0 0 0.004 0 25.9 38 10.5 25.3 7.28 1.1821 13.3 23 1 100 1
12.5 12.5 12.5 61 5.2 8 0.13 16.1 11.9 11.8 11.3 1026.9 0 0 0.004 0 26 38 10.6 25.4 7.27 1.1816 13.9 23 1 100 1
12.5 12.5 12.5 61 5.2 8 0.13 14.5 11.9 11.8 11.3 1026.9 0 0 0.004 0 26 38 10.6 25.4 7.27 1.1816 13.9 23 1 100 1
12.5 12.5 12.5 61 5.2 3.2 0.05 6.4 12.5 11.8 11.8 1026.9 0 0 0.004 0 26 38 10.6 25.4 7.27 1.1816 13.9 23 1 100 1
12.6 12.6 12.5 62 5.5 3.2 0.05 14.5 12.6 11.9 11.9 1026.9 0 0 0.004 0 26 38 10.6 25.4 7.27 1.1816 13.9 23 1 100 1
12.6 12.6 12.6 61 5.2 11.3 0.19 14.5 11.5 11.9 10.8 1026.9 0 0 0.004 0 26 38 10.6 25.4 7.27 1.1816 14.4 22 1 95.7 1
12.6 12.6 12.6 61 5.2 4.8 0.08 19.3 12.6 11.9 11.9 1026.9 0 0 0.004 0 26 38 10.6 25.4 7.27 1.1816 15 22 1 95.7 1
12.6 12.6 12.6 61 5.3 6.4 0.11 17.7 12.4 11.9 11.7 1026.9 0 0 0.004 0 26 38 10.6 25.4 7.27 1.1816 15.6 24 1 100 1
12.6 12.6 12.6 61 5.3 11.3 0.19 16.1 11.6 11.9 10.9 1026.9 0 0 0.004 0 26 38 10.6 25.4 7.27 1.1816 14.4 23 1 100 1
12.6 12.6 12.6 61 5.3 9.7 0.16 14.5 11.8 11.9 11.1 1026.9 0 0 0.004 0 26 38 10.6 25.4 7.27 1.1816 13.9 23 1 100 1
12.6 12.6 12.6 61 5.3 8 0.13 17.7 12.1 11.9 11.4 1026.8 0 0 0.004 0 26 38 10.6 25.4 7.27 1.1815 13.9 22 1 95.7 1
12.6 12.7 12.6 61 5.3 14.5 0.24 17.7 10.8 11.9 10.1 1026.9 0 0 0.004 0 26 38 10.6 25.4 7.27 1.1816 13.3 23 1 100 1
12.6 12.6 12.6 61 5.3 8 0.13 14.5 12.1 11.9 11.4 1026.9 0 0 0.004 0 26 38 10.6 25.4 7.27 1.1816 13.3 23 1 100 1
12.6 12.6 12.6 61 5.2 12.9 0.21 19.3 11.1 11.9 10.4 1027 0 0 0.004 0 26 38 10.6 25.4 7.27 1.1817 12.8 23 1 100 1
12.5 12.6 12.5 61 5.2 16.1 0.27 22.5 10.3 11.8 9.7 1027 0 0 0.004 0 26 38 10.6 25.4 7.27 1.1817 12.8 23 1 100 1
12.4 12.5 12.4 61 5.1 9.7 0.16 20.9 11.6 11.8 10.9 1027 0 0 0.004 0 26 38 10.6 25.4 7.27 1.1817 12.8 23 1 100 1
12.4 12.4 12.4 61 5.1 12.9 0.21 19.3 10.9 11.7 10.3 1027 0 0 0.004 0 26 38 10.6 25.4 7.27 1.1817 12.8 24 1 100 1
12.4 12.4 12.4 62 5.3 9.7 0.16 16.1 11.6 11.8 10.9 1027.1 0 0 0.004 0 26 38 10.6 25.4 7.27 1.1818 12.8 22 1 95.7 1
12.3 12.4 12.3 62 5.3 8 0.13 11.3 11.7 11.7 11.1 1027 0 0 0.004 0 26 38 10.6 25.4 7.27 1.1817 12.8 22 1 95.7 1
12.3 12.3 12.3 62 5.3 4.8 0.08 11.3 12.3 11.7 11.7 1027 0 0 0.004 0 26 38 10.6 25.4 7.27 1.1817 12.8 23 1 100 1
12.3 12.3 12.3 62 5.3 11.3 0.19 16.1 11.2 11.7 10.6 1027 0 0 0.004 0 26 38 10.6 25.4 7.27 1.1817 12.8 23 1 100 1
12.3 12.3 12.3 62 5.3 8 0.13 12.9 11.7 11.7 11.1 1027 0 0 0.004 0 26 38 10.6 25.4 7.27 1.1817 12.8 24 1 100 1
12.3 12.3 12.3 63 5.5 9.7 0.16 25.7 11.4 11.7 10.8 1026.9 0 0 0.004 0 26 38 10.6 25.4 7.27 1.1816 12.8 23 1 100 1
12.3 12.3 12.3 63 5.5 9.7 0.16 12.9 11.4 11.7 10.8 1027 0 0 0.004 0 26 38 10.6 25.4 7.27 1.1817 12.8 22 1 95.7 1
12.3 12.3 12.3 63 5.4 12.9 0.21 19.3 10.8 11.7 10.2 1027 0 0 0.004 0 26 38 10.6 25.4 7.27 1.1817 12.8 24 1 100 1
12.3 12.3 12.3 63 5.4 9.7 0.16 14.5 11.4 11.7 10.8 1027 0 0 0.004 0 26 38 10.6 25.4 7.27 1.1818 12.8 23 1 100 1
12.3 12.3 12.3 63 5.4 12.9 0.21 17.7 10.8 11.7 10.2 1027.1 0 0 0.004 0 26 38 10.6 25.4 7.27 1.1818 12.8 24 1 100 1
12.2 12.3 12.2 63 5.4 14.5 0.24 22.5 10.3 11.6 9.7 1027 0 0 0.004 0 26 38 10.6 25.4 7.27 1.1818 12.8 23 1 100 1
12.2 12.2 12.2 63 5.4 4.8 0.08 9.7 12.2 11.6 11.6 1027 0 0 0.004 0 26 38 10.6 25.4 7.27 1.1818 12.8 24 1 100 1
12.2 12.2 12.2 63 5.4 14.5 0.24 22.5 10.3 11.6 9.7 1027.1 0 0 0.004 0 26 38 10.6 25.4 7.27 1.1818 12.8 23 1 100 1
12.2 12.2 12.2 63 5.3 9.7 0.16 19.3 11.3 11.6 10.7 1027.1 0 0 0.004 0 26 38 10.6 25.4 7.27 1.1818 12.8 23 1 100 1
12.1 12.2 12.1 63 5.3 9.7 0.16 17.7 11.2 11.5 10.6 1027 0 0 0.004 0 26 38 10.6 25.4 7.27 1.1818 12.8 24 1 100 1
12.2 12.2 12.1 63 5.3 11.3 0.19 17.7 11.1 11.6 10.4 1027.1 0 0 0.004 0 26 38 10.6 25.4 7.27 1.1818 13.9 23 1 100 1
12.2 12.2 12.1 63 5.3 9.7 0.16 16.1 11.3 11.6 10.7 1027.1 0 0 0.004 0 26 38 10.6 25.4 7.27 1.1818 13.9 24 1 100 1
12.2 12.2 12.2 64 5.6 6.4 0.11 9.7 11.9 11.7 11.4 1027.1 0 0 0.004 0 26 38 10.6 25.4 7.27 1.1818 14.4 22 1 95.7 1
12.2 12.2 12.2 63 5.4 9.7 0.16 14.5 11.3 11.6 10.7 1027.1 0 0 0.004 0 26 38 10.6 25.4 7.27 1.1818 15 23 1 100 1
12.3 12.3 12.2 63 5.4 6.4 0.11 16.1 12 11.7 11.4 1027.1 0 0 0.004 0 26 38 10.6 25.4 7.27 1.1818 15 24 1 100 1
12.2 12.3 12.2 63 5.4 12.9 0.21 17.7 10.7 11.6 10.1 1027.1 0 0 0.004 0 26 38 10.6 25.4 7.27 1.1818 14.4 23 1 100 1
12.2 12.3 12.2 63 5.4 8 0.13 17.7 11.6 11.6 11 1027.1 0 0 0.004 0 26 38 10.6 25.4 7.27 1.1818 14.4 23 1 100 1
12.2 12.2 12.2 63 5.4 8 0.13 16.1 11.6 11.6 11 1027.1 0 0 0.004 0 26 38 10.6 25.4 7.27 1.1818 15 23 1 100 1
12.3 12.3 12.2 63 5.4 8 0.13 14.5 11.7 11.7 11.1 1027.1 0 0 0.004 0 26 38 10.6 25.4 7.27 1.1819 15 24 1 100 1
12.3 12.3 12.3 63 5.4 1.6 0.03 6.4 12.3 11.7 11.7 1027.1 0 0 0.004 0 26 38 10.6 25.4 7.27 1.1819 15.6 23 1 100 1
12.4 12.4 12.3 64 5.8 6.4 0.11 14.5 12.1 11.8 11.6 1027.1 0 0 0.004 0 26 38 10.6 25.4 7.27 1.1818 15.6 22 1 95.7 1
12.4 12.4 12.4 63 5.5 11.3 0.19 16.1 11.3 11.8 10.7 1027.1 0 0 0.004 0 26 38 10.6 25.4 7.27 1.1818 15 24 1 100 1
12.4 12.4 12.4 62 5.3 9.7 0.16 16.1 11.6 11.8 10.9 1027.2 0 0 0.004 0 26 38 10.6 25.4 7.27 1.1819 15 23 1 100 1
12.4 12.4 12.4 62 5.3 9.7 0.16 17.7 11.6 11.8 10.9 1027.1 0 0 0.004 0 26 38 10.6 25.4 7.27 1.1819 14.4 24 1 100 1
12.4 12.4 12.4 62 5.3 6.4 0.11 9.7 12.1 11.8 11.5 1027.1 0 0 0.004 0 26 38 10.6 25.4 7.27 1.1819 15 23 1 100 1
12.4 12.4 12.4 62 5.3 3.2 0.05 6.4 12.4 11.8 11.8 1027.1 0 0 0.004 0 26 38 10.6 25.4 7.27 1.1818 15.6 23 1 100 1
12.4 12.4 12.4 62 5.4 1.6 0.03 4.8 12.4 11.8 11.8 1027.1 0 0 0.004 0 26 38 10.6 25.4 7.27 1.1819 15.6 24 1 100 1
12.5 12.5 12.4 63 5.6 6.4 0.11 17.7 12.3 11.9 11.7 1027.1 0 0 0.004 0 26 38 10.6 25.4 7.27 1.1818 16.1 22 1 95.7 1
12.5 12.5 12.5 62 5.4 6.4 0.11 14.5 12.3 11.8 11.6 1027.1 0 0 0.004 0 26 38 10.6 25.4 7.27 1.1818 15.6 24 1 100 1
12.5 12.5 12.5 62 5.4 4.8 0.08 9.7 12.5 11.8 11.8 1027.1 0 0 0.004 0 26 38 10.6 25.4 7.27 1.1818 15.6 23 1 100 1
12.6 12.6 12.6 62 5.5 6.4 0.11 11.3 12.3 11.9 11.7 1027.1 0 0 0.004 0 26 38 10.6 25.4 7.27 1.1818 15.6 23 1 100 1
12.6 12.6 12.6 62 5.5 8 0.13 16.1 12.1 11.9 11.4 1027.2 0 0 0.004 0 26 38 10.6 25.4 7.27 1.182 15 22 1 95.7 1
12.6 12.6 12.6 62 5.5 8 0.13 12.9 12 11.9 11.3 1027.1 0 0 0.004 0 26 38 10.6 25.4 7.27 1.1819 15 22 1 95.7 1
12.6 12.6 12.6 62 5.5 11.3 0.19 16.1 11.5 11.9 10.8 1027.1 0 0 0.004 0 26 38 10.6 25.4 7.27 1.1819 14.4 24 1 100 1
12.6 12.6 12.6 61 5.2 11.3 0.19 16.1 11.5 11.9 10.8 1027.2 0 0 0.004 0 26 38 10.6 25.4 7.27 1.182 14.4 22 1 95.7 1
12.5 12.6 12.5 62 5.4 11.3 0.19 17.7 11.4 11.8 10.8 1027.2 0 0 0.004 0 26 38 10.6 25.4 7.27 1.182 14.4 24 1 100 1
12.4 12.5 12.4 62 5.4 8 0.13 14.5 11.9 11.8 11.3 1027.2 0 0 0.004 0 26 38 10.6 25.4 7.27 1.182 14.4 21 1 91.3 1
12.4 12.5 12.4 62 5.4 9.7 0.16 17.7 11.6 11.8 11 1027.1 0 0 0.004 0 26 38 10.6 25.4 7.27 1.1818 14.4 20 1 87 1
12.4 12.4 12.4 62 5.4 6.4 0.11 9.7 12.2 11.8 11.6 1027.1 0 0 0.004 0 26 38 10.6 25.4 7.27 1.1818 15 23 1 100 1
12.4 12.4 12.4 62 5.4 9.7 0.16 14.5 11.6 11.8 11 1027.1 0 0 0.004 0 26.1 38 10.7 25.6 7.27 1.1813 14.4 23 1 100 1
12.4 12.4 12.4 62 5.4 4.8 0.08 8 12.4 11.8 11.8 1027.1 0 0 0.004 0 26 38 10.6 25.4 7.27 1.1819 13.9 23 1 100 1
12.4 12.4 12.4 61 5.1 8 0.13 12.9 11.9 11.8 11.2 1027.1 0 0 0.004 0 26 38 10.6 25.4 7.27 1.1818 13.9 22 1 95.7 1
12.4 12.4 12.4 62 5.3 8 0.13 11.3 11.8 11.8 11.2 1027.1 0 0 0.004 0 26.1 38 10.7 25.6 7.27 1.1813 13.9 22 1 95.7 1
12.4 12.4 12.4 61 5.1 6.4 0.11 9.7 12.2 11.8 11.5 1027.1 0 0 0.004 0 26.1 38 10.7 25.6 7.27 1.1813 14.4 22 1 95.7 1
12.4 12.4 12.4 61 5.1 4.8 0.08 9.7 12.4 11.8 11.8 1027.1 0 0 0.004 0 26.1 38 10.7 25.6 7.27 1.1813 15 22 1 95.7 1
12.5 12.5 12.4 62 5.4 4.8 0.08 11.3 12.5 11.8 11.8 1027.1 0 0 0.004 0 26.1 38 10.7 25.6 7.27 1.1813 15.6 23 1 100 1
12.6 12.6 12.5 62 5.5 4.8 0.08 8 12.6 11.9 11.9 1027.2 0 0 0.004 0 26 38 10.6 25.4 7.27 1.182 15.6 23 1 100 1
12.6 12.6 12.6 61 5.3 8 0.13 16.1 12.1 11.9 11.4 1027.2 0 0 0.004 0 26.1 38 10.7 25.6 7.27 1.1815 15 23 1 100 1
12.6 12.6 12.6 60 5 8 0.13 11.3 12.1 11.9 11.3 1027.3 0 0 0.004 0 26.1 38 10.7 25.6 7.27 1.1815 15 23 1 100 1
12.6 12.6 12.6 60 5 4.8 0.08 6.4 12.6 11.9 11.9 1027.2 0 0 0.004 0 26.1 38 10.7 25.6 7.27 1.1815 15.6 22 1 95.7 1
12.7 12.7 12.6 60 5.1 4.8 0.08 11.3 12.7 11.9 11.9 1027.2 0 0 0.004 0 26.1 38 10.7 25.6 7.27 1.1815 15.6 24 1 100 1
12.7 12.7 12.6 60 5.1 6.4 0.11 11.3 12.4 11.9 11.7 1027.3 0 0 0.004 0 26.1 38 10.7 25.6 7.27 1.1815 15.6 22 1 95.7 1
12.7 12.7 12.7 60 5.1 14.5 0.24 17.7 10.9 12 10.2 1027.3 0 0 0.004 0 26.1 38 10.7 25.6 7.27 1.1815 15 24 1 100 1
12.7 12.7 12.7 59 4.9 9.7 0.16 19.3 11.9 11.9 11.2 1027.3 0 0 0.004 0 26.1 38 10.7 25.6 7.27 1.1815 14.4 22 1 95.7 1
12.7 12.7 12.7 59 4.9 6.4 0.11 12.9 12.4 11.9 11.7 1027.3 0 0 0.004 0 26.1 38 10.7 25.6 7.27 1.1815 15 22 1 95.7 1
12.7 12.7 12.7 59 4.9 6.4 0.11 11.3 12.4 11.9 11.7 1027.3 0 0 0.004 0 26.1 38 10.7 25.6 7.27 1.1815 15 24 1 100 1
12.7 12.7 12.7 59 4.9 4.8 0.08 9.7 12.7 11.9 11.9 1027.2 0 0 0.004 0 26.1 38 10.7 25.6 7.27 1.1815 15 23 1 100 1
12.7 12.7 12.7 60 5.1 4.8 0.08 12.9 12.7 12 12 1027.3 0 0 0.004 0 26.1 38 10.7 25.6 7.27 1.1815 15 24 1 100 1
12.7 12.7 12.7 59 4.9 11.3 0.19 16.1 11.7 12 11 1027.3 0 0 0.004 0 26.1 38 10.7 25.6 7.27 1.1816 14.4 22 1 95.7 1
12.7 12.7 12.7 59 4.9 9.7 0.16 16.1 11.9 12 11.2 1027.3 0 0 0.004 0 26.1 38 10.7 25.6 7.27 1.1815 13.9 24 1 100 1
12.7 12.7 12.7 59 4.9 11.3 0.19 16.1 11.7 11.9 10.9 1027.3 0 0 0.004 0 26.1 38 10.7 25.6 7.27 1.1815 13.3 23 1 100 1
12.6 12.6 12.6 59 4.8 11.3 0.19 14.5 11.6 11.9 10.8 1027.3 0 0 0.004 0 26.1 38 10.7 25.6 7.27 1.1815 13.3 23 1 100 1
12.6 12.6 12.6 59 4.8 9.7 0.16 14.5 11.7 11.8 11 1027.3 0 0 0.004 0 26.1 37 10.3 25.6 7.17 1.1819 13.3 23 1 100 1
12.5 12.6 12.5 59 4.7 9.7 0.16 11.3 11.7 11.8 10.9 1027.3 0 0 0.004 0 26.1 37 10.3 25.6 7.17 1.1819 12.8 23 1 100 1
12.5 12.5 12.5 60 4.9 6.4 0.11 9.7 12.3 11.8 11.6 1027.3 0 0 0.004 0 26.1 37 10.3 25.6 7.17 1.1819 12.8 24 1 100 1
12.5 12.5 12.5 60 4.9 4.8 0.08 8 12.5 11.8 11.8 1027.3 0 0 0.004 0 26.1 37 10.3 25.6 7.17 1.1819 12.8 23 1 100 1
12.5 12.5 12.5 60 4.9 4.8 0.08 9.7 12.5 11.8 11.8 1027.3 0 0 0.004 0 26.1 37 10.3 25.6 7.17 1.1819 12.8 23 1 100 1
12.5 12.5 12.5 60 4.9 6.4 0.11 9.7 12.3 11.8 11.6 1027.3 0 0 0.004 0 26.1 37 10.3 25.6 7.17 1.182 12.8 23 1 100 1
12.5 12.5 12.5 60 4.9 6.4 0.11 11.3 12.3 11.8 11.6 1027.3 0 0 0.004 0 26.1 37 10.3 25.6 7.17 1.182 12.8 23 1 100 1
12.5 12.5 12.5 60 4.9 4.8 0.08 9.7 12.5 11.8 11.8 1027.3 0 0 0.004 0 26.1 37 10.3 25.6 7.17 1.1819 12.8 24 1 100 1
12.5 12.5 12.5 60 4.9 9.7 0.16 12.9 11.7 11.8 11 1027.3 0 0 0.004 0 26.1 37 10.3 25.6 7.17 1.182 12.8 21 1 91.3 1
12.5 12.5 12.5 60 4.9 8 0.13 16.1 11.9 11.8 11.3 1027.3 0 0 0.004 0 26.1 38 10.7 25.6 7.27 1.1815 12.8 23 1 100 1
12.5 12.5 12.5 60 4.9 11.3 0.19 16.1 11.4 11.8 10.8 1027.3 0 0 0.004 0 26.1 38 10.7 25.6 7.27 1.1816 12.8 23 1 100 1
12.4 12.5 12.4 60 4.9 9.7 0.16 16.1 11.6 11.8 10.9 1027.4 0 0 0.004 0 26.1 38 10.7 25.6 7.27 1.1817 12.8 22 1 95.7 1
12.4 12.5 12.4 60 4.9 8 0.13 11.3 11.9 11.8 11.2 1027.4 0 0 0.004 0 26.1 38 10.7 25.6 7.27 1.1817 12.8 23 1 100 1
12.4 12.5 12.4 60 4.9 12.9 0.21 19.3 11 11.8 10.3 1027.5 0 0 0.004 0 26.1 38 10.7 25.6 7.27 1.1817 12.8 23 1 100 1
12.4 12.4 12.4 60 4.9 11.3 0.19 20.9 11.4 11.8 10.7 1027.5 0 0 0.004 0 26.1 38 10.7 25.6 7.27 1.1818 12.8 24 1 100 1
12.4 12.4 12.4 61 5.1 14.5 0.24 20.9 10.6 11.7 9.9 1027.5 0 0 0.004 0 26.1 38 10.7 25.6 7.27 1.1818 12.8 22 1 95.7 1
12.3 12.4 12.3 61 5 14.5 0.24 20.9 10.4 11.6 9.7 1027.5 0 0 0.004 0 26.1 38 10.7 25.6 7.27 1.1818 12.8 22 1 95.7 1
12.2 12.3 12.2 62 5.1 11.3 0.19 22.5 11.1 11.6 10.4 1027.5 0 0 0.004 0 26.1 38 10.7 25.6 7.27 1.1817 12.8 24 1 100 1
12.1 12.2 12.1 62 5 16.1 0.27 22.5 9.8 11.4 9.2 1027.5 0 0 0.004 0 26.1 38 10.7 25.6 7.27 1.1817 12.2 22 1 95.7 1
11.9 12.1 11.9 62 4.9 9.7 0.16 14.5 11 11.3 10.4 1027.5 0 0 0.004 0 26.1 38 10.7 25.6 7.27 1.1818 12.2 24 1 100 1
11.9 11.9 11.9 63 5.1 6.4 0.11 16.1 11.6 11.3 11 1027.5 0 0 0.004 0 26.1 38 10.7 25.6 7.27 1.1818 12.2 22 1 95.7 1
11.8 11.8 11.8 63 5 8 0.13 14.5 11.2 11.3 10.6 1027.5 0 0 0.005 0 26.1 38 10.7 25.6 7.27 1.1817 11.7 23 1 100 1
11.8 11.8 11.8 64 5.2 11.3 0.19 14.5 10.6 11.2 10 1027.5 0 0 0.005 0 26.1 38 10.7 25.6 7.27 1.1817 11.7 22 1 95.7 1
11.7 11.8 11.7 64 5.1 12.9 0.21 16.1 10.1 11.2 9.6 1027.5 0 0 0.005 0 26.1 38 10.7 25.6 7.27 1.1817 11.7 22 1 95.7 1
11.7 11.7 11.7 64 5.1 6.4 0.11 11.3 11.3 11.2 10.8 1027.5 0 0 0.005 0 26.1 38 10.7 25.6 7.27 1.1818 11.7 24 1 100 1
11.7 11.7 11.7 64 5.1 12.9 0.21 22.5 10.1 11.2 9.6 1027.6 0 0 0.005 0 26.1 38 10.7 25.6 7.27 1.1819 11.7 22 1 95.7 1
11.6 11.7 11.6 64 5 12.9 0.21 20.9 10 11.1 9.5 1027.5 0 0 0.005 0 26.1 38 10.7 25.6 7.27 1.1818 11.7 23 1 100 1
11.6 11.6 11.6 64 5 11.3 0.19 17.7 10.4 11.1 9.9 1027.6 0 0 0.005 0 26.1 38 10.7 25.6 7.27 1.1819 11.7 22 1 95.7 1
11.6 11.6 11.6 65 5.2 9.7 0.16 16.1 10.6 11.1 10.1 1027.6 0 0 0.005 0 26.1 38 10.7 25.6 7.27 1.1819 11.7 23 1 100 1
11.5 11.6 11.5 64 4.9 11.3 0.19 16.1 10.2 11 9.7 1027.6 0 0 0.005 0 26.1 38 10.7 25.6 7.27 1.1819 11.7 23 1 100 1
11.5 11.5 11.5 64 4.9 16.1 0.27 22.5 9.1 11 8.6 1027.6 0 0 0.005 0 26.1 38 10.7 25.6 7.27 1.1819 11.7 21 1 91.3 1
11.4 11.4 11.4 65 5.1 17.7 0.3 22.5 8.8 10.9 8.3 1027.6 0 0 0.005 0 26.1 38 10.7 25.6 7.27 1.1819 11.7 22 1 95.7 1
11.4 11.4 11.4 65 5 11.3 0.19 19.3 10.1 10.9 9.7 1027.6 0 0 0.005 0 26.1 38 10.7 25.6 7.27 1.1819 11.7 21 1 91.3 1
11.4 11.4 11.4 65 5 12.9 0.21 20.9 9.7 10.9 9.3 1027.6 0 0 0.005 0 26.1 38 10.7 25.6 7.27 1.1819 11.1 22 1 95.7 1
11.4 11.4 11.4 65 5 8 0.13 12.9 10.7 10.9 10.2 1027.7 0 0 0.005 0 26.1 38 10.7 25.6 7.27 1.182 11.7 22 1 95.7 1
11.4 11.4 11.4 65 5 6.4 0.11 12.9 11 10.9 10.6 1027.7 0 0 0.005 0 26.1 38 10.7 25.6 7.27 1.1821 11.7 23 1 100 1
11.4 11.4 11.4 65 5 8 0.13 17.7 10.7 10.9 10.2 1027.7 0 0 0.005 0 26.1 38 10.7 25.6 7.27 1.182 11.7 22 1 95.7 1
11.4 11.4 11.4 65 5.1 17.7 0.3 22.5 8.8 10.9 8.3 1027.8 0 0 0.005 0 26.1 38 10.7 25.6 7.27 1.1821 11.7 22 1 95.7 1
11.4 11.4 11.4 65 5 12.9 0.21 20.9 9.7 10.9 9.3 1027.9 0 0 0.005 0 26.1 38 10.7 25.6 7.27 1.1822 11.7 23 1 100 1
11.4 11.4 11.4 65 5 12.9 0.21 20.9 9.7 10.9 9.3 1027.9 0 0 0.005 0 26.1 38 10.7 25.6 7.27 1.1822 11.1 21 1 91.3 1
11.4 11.4 11.4 65 5 14.5 0.24 25.7 9.3 10.9 8.9 1027.9 0 0 0.005 0 26.1 38 10.7 25.6 7.27 1.1823 11.1 23 1 100 1
11.4 11.4 11.4 65 5 9.7 0.16 22.5 10.3 10.9 9.9 1027.8 0 0 0.005 0 26.1 38 10.7 25.6 7.27 1.1821 11.1 21 1 91.3 1
11.3 11.4 11.3 65 5 16.1 0.27 25.7 8.9 10.9 8.5 1027.7 0 0 0.005 0 26.1 38 10.7 25.6 7.27 1.1821 11.1 23 1 100 1
11.3 11.3 11.3 65 5 12.9 0.21 20.9 9.7 10.9 9.2 1027.8 0 0 0.005 0 26.1 38 10.7 25.6 7.27 1.1821 11.1 21 1 91.3 1
11.3 11.3 11.3 66 5.2 17.7 0.3 29 8.6 10.8 8.1 1027.9 0 0 0.005 0 26.1 38 10.7 25.6 7.27 1.1822 11.1 23 1 100 1
11.2 11.3 11.2 66 5.1 17.7 0.3 27.4 8.5 10.8 8.1 1027.9 0 0 0.005 0 26.1 38 10.7 25.6 7.27 1.1823 10.6 21 1 91.3 1
11.2 11.2 11.2 66 5 14.5 0.24 27.4 9.1 10.7 8.6 1027.9 0 0 0.005 0 26.1 38 10.7 25.6 7.27 1.1823 11.1 24 1 100 1
11.1 11.1 11.1 66 5 12.9 0.21 24.1 9.4 10.7 8.9 1027.9 0 0 0.005 0 26.1 38 10.7 25.6 7.27 1.1823 11.1 20 1 87 1
11.1 11.1 11.1 67 5.2 9.7 0.16 16.1 10 10.7 9.6 1028 0 0 0.005 0 26.1 38 10.7 25.6 7.27 1.1823 11.1 22 1 95.7 1
11.1 11.1 11.1 67 5.2 12.9 0.21 22.5 9.4 10.7 9 1028 0 0 0.005 0 26.1 38 10.7 25.6 7.27 1.1824 11.1 23 1 100 1
11.1 11.1 11.1 67 5.2 14.5 0.24 27.4 8.9 10.7 8.6 1028 0 0 0.005 0 26.1 38 10.7 25.6 7.27 1.1823 11.1 23 1 100 1
11.1 11.1 11.1 67 5.2 9.7 0.16 16.1 9.9 10.7 9.6 1028 0 0 0.005 0 26.1 38 10.7 25.6 7.27 1.1824 11.1 22 1 95.7 1
11.1 11.1 11.1 67 5.2 4.8 0.08 12.9 11 10.7 10.6 1028 0 0 0.005 0 26.1 38 10.7 25.6 7.27 1.1824 11.1 21 1 91.3 1
11.1 11.1 11.1 67 5.2 8 0.13 14.5 10.3 10.7 9.9 1028 0 0 0.005 0 26.1 38 10.7 25.6 7.27 1.1823 11.1 24 1 100 1
11.1 11.1 11.1 67 5.2 9.7 0.16 19.3 10 10.7 9.6 1028.1 0 0 0.005 0 26.1 38 10.7 25.6 7.27 1.1824 11.1 22 1 95.7 1
11.1 11.1 11.1 67 5.2 9.7 0.16 16.1 10 10.7 9.6 1028 0 0 0.005 0 26.1 38 10.7 25.6 7.27 1.1823 11.1 24 1 100 1
11.1 11.1 11.1 67 5.2 12.9 0.21 17.7 9.3 10.7 8.9 1028 0 0 0.005 0 26.1 38 10.7 25.6 7.27 1.1824 11.1 20 1 87 1
11.1 11.1 11.1 67 5.2 12.9 0.21 17.7 9.3 10.7 8.9 1028 0 0 0.005 0 26.1 38 10.7 25.6 7.27 1.1824 11.1 22 1 95.7 1
11 11.1 11 67 5.1 9.7 0.16 14.5 9.9 10.6 9.5 1028 0 0 0.005 0 26.1 38 10.7 25.6 7.27 1.1823 11.1 24 1 100 1
11 11 11 67 5.1 11.3 0.19 16.1 9.7 10.6 9.3 1028.1 0 0 0.005 0 26.1 38 10.7 25.6 7.27 1.1824 11.1 21 1 91.3 1
10.9 11 10.9 67 5.1 11.3 0.19 17.7 9.6 10.6 9.2 1028.1 0 0 0.005 0 26.1 38 10.7 25.6 7.27 1.1825 10.6 24 1 100 1
10.9 10.9 10.9 67 5 14.5 0.24 25.7 8.8 10.5 8.4 1028.1 0 0 0.005 0 26.1 38 10.7 25.6 7.27 1.1825 10.6 22 1 95.7 1
10.9 10.9 10.9 67 5 8 0.13 14.5 10.1 10.5 9.7 1028.1 0 0 0.005 0 26.1 38 10.7 25.6 7.27 1.1825 10.6 24 1 100 1
10.9 10.9 10.9 67 5 8 0.13 12.9 10.1 10.5 9.7 1028.1 0 0 0.005 0 26.1 38 10.7 25.6 7.27 1.1825 10.6 22 1 95.7 1
10.9 10.9 10.9 67 5 9.7 0.16 16.1 9.8 10.5 9.4 1028.1 0 0 0.005 0 26.1 38 10.7 25.6 7.27 1.1825 10.6 21 1 91.3 1
10.8 10.8 10.8 67 4.9 8 0.13 16.1 10 10.4 9.6 1028.1 0 0 0.005 0 26.1 38 10.7 25.6 7.27 1.1825 10.6 23 1 100 1
10.8 10.8 10.8 67 4.9 9.7 0.16 16.1 9.7 10.4 9.3 1028.1 0 0 0.005 0 26.1 38 10.7 25.6 7.27 1.1825 10.6 22 1 95.7 1
10.8 10.8 10.8 67 4.9 8 0.13 11.3 9.9 10.4 9.6 1028.1 0 0 0.005 0 26.1 38 10.7 25.6 7.27 1.1824 10.6 24 1 100 1
10.8 10.8 10.8 67 4.9 9.7 0.16 14.5 9.6 10.4 9.2 1028.1 0 0 0.005 0 26.1 38 10.7 25.6 7.27 1.1824 10.6 22 1 95.7 1
10.7 10.8 10.7 67 4.8 8 0.13 11.3 9.9 10.4 9.6 1028.1 0 0 0.005 0 26.1 38 10.7 25.6 7.27 1.1824 10.6 23 1 100 1
10.7 10.8 10.7 67 4.8 9.7 0.16 12.9 9.6 10.4 9.2 1028.1 0 0 0.005 0 26.1 38 10.7 25.6 7.27 1.1825 10.6 23 1 100 1
10.7 10.7 10.7 67 4.8 4.8 0.08 9.7 10.6 10.4 10.3 1028.1 0 0 0.005 0 26.1 38 10.7 25.6 7.27 1.1825 10.6 22 1 95.7 1
10.7 10.7 10.7 67 4.8 6.4 0.11 12.9 10.2 10.4 9.9 1028.1 0 0 0.005 0 26.1 38 10.7 25.6 7.27 1.1825 10.6 23 1 100 1
10.7 10.8 10.7 67 4.8 3.2 0.05 6.4 10.7 10.4 10.4 1028.1 0 0 0.005 0 26.1 38 10.7 25.6 7.27 1.1825 10.6 23 1 100 1
10.7 10.8 10.7 67 4.8 8 0.13 12.9 9.9 10.4 9.6 1028.1 0 0 0.005 0 26.1 38 10.7 25.6 7.27 1.1824 10.6 22 1 95.7 1
10.7 10.7 10.7 67 4.8 8 0.13 12.9 9.9 10.4 9.6 1028 0 0 0.005 0 26.1 38 10.7 25.6 7.27 1.1824 10.6 23 1 100 1
10.7 10.7 10.7 67 4.8 8 0.13 12.9 9.9 10.4 9.6 1028.1 0 0 0.005 0 26.1 38 10.7 25.6 7.27 1.1825 10.6 22 1 95.7 1
10.7 10.7 10.7 66 4.6 12.9 0.21 16.1 8.9 10.3 8.6 1028.1 0 0 0.005 0 26.1 38 10.7 25.6 7.27 1.1825 10.6 23 1 100 1
10.7 10.7 10.7 66 4.6 6.4 0.11 12.9 10.2 10.3 9.8 1028.1 0 0 0.005 0 26.1 38 10.7 25.6 7.27 1.1825 10.6 23 1 100 1
10.7 10.7 10.7 66 4.6 8 0.13 14.5 9.9 10.3 9.5 1028.1 0 0 0.005 0 26.1 38 10.7 25.6 7.27 1.1825 10.6 22 1 95.7 1
10.7 10.7 10.7 66 4.6 9.7 0.16 14.5 9.6 10.3 9.2 1028.1 0 0 0.005 0 26.1 38 10.7 25.6 7.27 1.1825 10.6 21 1 91.3 1
10.7 10.7 10.7 65 4.4 3.2 0.05 6.4 10.7 10.3 10.3 1028.1 0 0 0.005 0 26.1 38 10.7 25.6 7.27 1.1825 10.6 21 1 91.3 1
10.7 10.7 10.7 65 4.4 4.8 0.08 8 10.6 10.3 10.2 1028.1 0 0 0.005 0 26.1 38 10.7 25.6 7.27 1.1824 10.6 24 1 100 1
10.8 10.8 10.7 65 4.5 4.8 0.08 9.7 10.7 10.4 10.3 1028.1 0 0 0.005 0 26.1 38 10.7 25.6 7.27 1.1825 10.6 22 1 95.7 1
10.8 10.8 10.8 65 4.5 6.4 0.11 9.7 10.3 10.4 9.9 1028.1 0 0 0.005 0 26.1 38 10.7 25.6 7.27 1.1825 10.6 22 1 95.7 1
10.8 10.8 10.8 65 4.5 6.4 0.11 8 10.3 10.4 9.9 1028.1 0 0 0.005 0 26.1 38 10.7 25.6 7.27 1.1825 10.6 23 1 100 1
10.8 10.8 10.8 65 4.5 3.2 0.05 6.4 10.8 10.4 10.4 1028.1 0 0 0.005 0 26.1 38 10.7 25.6 7.27 1.1825 10.6 22 1 95.7 1
10.8 10.8 10.8 65 4.5 4.8 0.08 9.7 10.7 10.4 10.3 1028.1 0 0 0.005 0 26.1 38 10.7 25.6 7.27 1.1825 10.6 24 1 100 1
10.8 10.8 10.8 65 4.5 4.8 0.08 9.7 10.8 10.4 10.4 1028.1 0 0 0.005 0 26.1 38 10.7 25.6 7.27 1.1825 10.6 22 1 95.7 1
10.8 10.8 10.8 65 4.5 8 0.13 14.5 10 10.4 9.6 1028.2 0 0 0.005 0 26.1 38 10.7 25.6 7.27 1.1826 10.6 24 1 100 1
10.8 10.8 10.8 65 4.5 4.8 0.08 9.7 10.8 10.4 10.4 1028.1 0 0 0.005 0 26.1 38 10.7 25.6 7.27 1.1825 10.6 22 1 95.7 1
10.8 10.8 10.8 65 4.5 6.4 0.11 11.3 10.3 10.4 9.9 1028.2 0 0 0.005 0 26.1 38 10.7 25.6 7.27 1.1826 10.6 23 1 100 1
10.8 10.8 10.8 64 4.3 6.4 0.11 8 10.3 10.4 9.9 1028.1 0 0 0.005 0 26.1 38 10.7 25.6 7.27 1.1825 10.6 23 1 100 1
10.8 10.8 10.8 64 4.3 8 0.13 9.7 10 10.4 9.6 1028.1 0 0 0.005 0 26.1 38 10.7 25.6 7.27 1.1825 10.6 22 1 95.7 1
10.8 10.8 10.8 64 4.3 9.7 0.16 14.5 9.7 10.4 9.3 1028.1 0 0 0.005 0 26.1 38 10.7 25.6 7.27 1.1825 10.6 24 1 100 1
10.8 10.8 10.8 64 4.2 8 0.13 14.5 9.9 10.3 9.5 1028.1 0 0 0.005 0 26.1 38 10.7 25.6 7.27 1.1825 10.6 21 1 91.3 1
10.8 10.8 10.8 64 4.3 4.8 0.08 8 10.8 10.4 10.3 1028.1 0 0 0.005 0 26.1 38 10.7 25.6 7.27 1.1825 10.6 24 1 100 1
10.8 10.8 10.8 64 4.3 4.8 0.08 8 10.8 10.4 10.3 1028.2 0 0 0.005 0 26.1 38 10.7 25.6 7.27 1.1826 10.6 22 1 95.7 1
10.8 10.8 10.8 64 4.3 6.4 0.11 12.9 10.3 10.4 9.9 1028.2 0 0 0.005 0 26.1 38 10.7 25.6 7.27 1.1826 10.6 23 1 100 1
10.8 10.8 10.8 63 4.1 6.4 0.11 12.9 10.3 10.4 9.9 1028.2 0 0 0.005 0 26.1 38 10.7 25.6 7.27 1.1826 10.6 23 1 100 1
10.8 10.8 10.8 63 4.1 11.3 0.19 22.5 9.4 10.4 9 1028.3 0 0 0.005 0 26.1 38 10.7 25.6 7.27 1.1827 10.6 21 1 91.3 1
10.8 10.8 10.8 63 4 14.5 0.24 22.5 8.6 10.3 8.2 1028.3 0 0 0.005 0 26.1 38 10.7 25.6 7.27 1.1827 10.6 24 1 100 1
10.8 10.8 10.8 63 4 8 0.13 14.5 9.9 10.3 9.5 1028.3 0 0 0.005 0 26.2 38 10.8 25.7 7.27 1.1822 10.6 22 1 95.7 1
10.8 10.8 10.8 63 4 8 0.13 12.9 9.9 10.3 9.5 1028.3 0 0 0.005 0 26.2 37 10.4 25.6 7.17 1.1825 10.6 24 1 100 1
10.8 10.8 10.8 63 4 4.8 0.08 11.3 10.7 10.3 10.2 1028.2 0 0 0.005 0 26.2 37 10.4 25.6 7.17 1.1825 10.6 21 1 91.3 1
10.8 10.8 10.8 63 4 8 0.13 16.1 9.9 10.3 9.5 1028.3 0 0 0.005 0 26.2 37 10.4 25.6 7.17 1.1825 10.6 22 1 95.7 1
10.7 10.8 10.7 63 4 14.5 0.24 20.9 8.6 10.3 8.1 1028.2 0 0 0.005 0 26.2 38 10.8 25.7 7.27 1.1821 10.6 23 1 100 1
10.7 10.7 10.7 63 4 6.4 0.11 11.3 10.2 10.3 9.8 1028.3 0 0 0.005 0 26.2 38 10.8 25.7 7.27 1.1822 10.6 22 1 95.7 1
10.7 10.7 10.7 63 4 11.3 0.19 16.1 9.3 10.3 8.9 1028.4 0 0 0.005 0 26.2 38 10.8 25.7 7.27 1.1823 10.6 21 1 91.3 1
10.7 10.7 10.7 63 4 9.7 0.16 14.5 9.6 10.3 9.1 1028.4 0 0 0.005 0 26.2 38 10.8 25.7 7.27 1.1823 10.6 22 1 95.7 1
10.7 10.7 10.7 63 3.9 6.4 0.11 12.9 10.1 10.2 9.7 1028.4 0 0 0.005 0 26.2 37 10.4 25.6 7.17 1.1827 10.6 22 1 95.7 1
10.7 10.7 10.7 64 4.1 8 0.13 11.3 9.8 10.2 9.3 1028.4 0 0 0.005 0 26.2 37 10.4 25.6 7.17 1.1827 10.6 23 1 100 1
10.6 10.7 10.6 64 4.1 6.4 0.11 11.3 10.1 10.2 9.6 1028.4 0 0 0.005 0 26.2 37 10.4 25.6 7.17 1.1827 10.6 22 1 95.7 1
10.6 10.7 10.6 64 4.1 6.4 0.11 11.3 10.1 10.2 9.6 1028.4 0 0 0.005 0 26.2 37 10.4 25.6 7.17 1.1827 10 23 1 100 1
10.6 10.6 10.6 64 4.1 9.7 0.16 17.7 9.4 10.2 9 1028.4 0 0 0.005 0 26.2 37 10.4 25.6 7.17 1.1827 10 22 1 95.7 1
10.6 10.6 10.6 64 4.1 6.4 0.11 12.9 10.1 10.2 9.6 1028.5 0 0 0.005 0 26.2 37 10.4 25.6 7.17 1.1828 10 20 1 87 1
10.6 10.6 10.6 64 4 11.3 0.19 20.9 9.1 10.2 8.7 1028.5 0 0 0.005 0 26.2 37 10.4 25.6 7.17 1.1828 10 24 1 100 1
10.6 10.6 10.6 64 4 11.3 0.19 19.3 9.1 10.2 8.7 1028.5 0 0 0.005 0 26.2 37 10.4 25.6 7.17 1.1828 10 21 1 91.3 1
10.5 10.6 10.5 64 4 6.4 0.11 11.3 9.9 10.1 9.6 1028.4 0 0 0.005 0 26.2 37 10.4 25.6 7.17 1.1827 10 23 1 100 1
10.5 10.6 10.5 65 4.2 6.4 0.11 9.7 9.9 10.1 9.6 1028.4 0 0 0.005 0 26.2 37 10.4 25.6 7.17 1.1827 10 21 1 91.3 1
10.5 10.5 10.5 65 4.2 4.8 0.08 8 10.4 10.1 10 1028.5 0 0 0.005 0 26.2 37 10.4 25.6 7.17 1.1828 10 23 1 100 1
10.5 10.5 10.5 65 4.2 4.8 0.08 6.4 10.4 10.1 10 1028.5 0 0 0.005 0 26.2 37 10.4 25.6 7.17 1.1828 10 22 1 95.7 1
10.5 10.5 10.5 65 4.2 8 0.13 12.9 9.6 10.1 9.2 1028.5 0 0 0.005 0 26.2 37 10.4 25.6 7.17 1.1828 10 21 1 91.3 1
10.5 10.5 10.5 65 4.2 6.4 0.11 9.7 9.9 10.1 9.6 1028.5 0 0 0.005 0 26.2 37 10.4 25.6 7.17 1.1828 10 22 1 95.7 1
10.5 10.5 10.5 65 4.2 3.2 0.05 6.4 10.5 10.1 10.1 1028.4 0 0 0.005 0 26.2 37 10.4 25.6 7.17 1.1827 10 22 1 95.7 1
10.5 10.6 10.5 65 4.2 3.2 0.05 6.4 10.5 10.1 10.1 1028.4 0 0 0.005 0 26.2 37 10.4 25.6 7.17 1.1827 10 23 1 100 1
10.5 10.5 10.5 65 4.2 6.4 0.11 8 9.9 10.1 9.6 1028.5 0 0 0.005 0 26.2 37 10.4 25.6 7.17 1.1828 10 20 1 87 1
10.6 10.6 10.5 65 4.2 6.4 0.11 9.7 10 10.2 9.6 1028.5 0 0 0.005 0 26.2 37 10.4 25.6 7.17 1.1828 10 22 1 95.7 1
10.5 10.5 10.5 65 4.2 6.4 0.11 12.9 9.9 10.1 9.6 1028.4 0 0 0.005 0 26.2 37 10.4 25.6 7.17 1.1827 10 23 1 100 1
10.5 10.5 10.5 65 4.2 6.4 0.11 12.9 9.9 10.1 9.6 1028.5 0 0 0.005 0 26.2 37 10.4 25.6 7.17 1.1828 10 22 1 95.7 1
10.5 10.5 10.5 65 4.2 6.4 0.11 9.7 9.9 10.1 9.6 1028.5 0 0 0.005 0 26.2 37 10.4 25.6 7.17 1.1828 10 24 1 100 1
10.4 10.5 10.4 65 4.1 8 0.13 11.3 9.6 10.1 9.2 1028.5 0 0 0.005 0 26.2 37 10.4 25.6 7.17 1.1828 10 22 1 95.7 1
10.4 10.5 10.4 65 4.1 4.8 0.08 8 10.3 10.1 9.9 1028.5 0 0 0.005 0 26.2 37 10.4 25.6 7.17 1.1828 10 23 1 100 1
10.4 10.4 10.4 65 4.1 3.2 0.05 4.8 10.4 10.1 10.1 1028.6 0 0 0.005 0 26.2 37 10.4 25.6 7.17 1.1829 10 22 1 95.7 1
10.4 10.4 10.4 65 4.1 1.6 0.03 6.4 10.4 10.1 10.1 1028.6 0 0 0.005 0 26.2 37 10.4 25.6 7.17 1.1829 10 23 1 100 1
10.4 10.5 10.4 65 4.1 1.6 0.03 4.8 10.4 10.1 10.1 1028.6 0 0 0.005 0 26.2 37 10.4 25.6 7.17 1.1829 10 22 1 95.7 1
10.4 10.5 10.4 65 4.1 4.8 0.08 11.3 10.3 10.1 9.9 1028.7 0 0 0.005 0 26.3 37 10.4 25.7 7.16 1.1827 10 21 1 91.3 1
10.5 10.5 10.4 65 4.2 3.2 0.05 6.4 10.5 10.1 10.1 1028.6 0 0 0.005 0 26.3 37 10.4 25.7 7.16 1.1827 10 24 1 100 1
10.5 10.5 10.5 65 4.2 6.4 0.11 11.3 9.9 10.1 9.6 1028.7 0 0 0.005 0 26.2 37 10.4 25.6 7.17 1.183 10 22 1 95.7 1
10.5 10.5 10.5 65 4.2 4.8 0.08 9.7 10.4 10.1 10 1028.7 0 0 0.005 0 26.3 37 10.4 25.7 7.16 1.1827 10 23 1 100 1
10.5 10.5 10.5 65 4.2 4.8 0.08 8 10.4 10.1 10 1028.8 0 0 0.005 0 26.3 37 10.4 25.7 7.16 1.1828 10 22 1 95.7 1
10.5 10.5 10.5 66 4.4 4.8 0.08 9.7 10.4 10.2 10.1 1028.8 0 0 0.005 0 26.3 37 10.4 25.7 7.16 1.1829 10 22 1 95.7 1
10.5 10.5 10.5 66 4.4 6.4 0.11 9.7 9.9 10.2 9.6 1028.8 0 0 0.005 0 26.3 37 10.4 25.7 7.16 1.1829 10 23 1 100 1
10.5 10.5 10.5 66 4.4 3.2 0.05 8 10.5 10.2 10.2 1028.9 0 0 0.005 0 26.3 37 10.4 25.7 7.16 1.1829 10 23 1 100 1
10.5 10.5 10.5 66 4.4 1.6 0.03 4.8 10.5 10.2 10.2 1028.9 0 0 0.005 0 26.3 37 10.4 25.7 7.16 1.1829 10 23 1 100 1
10.5 10.5 10.5 66 4.4 6.4 0.11 11.3 9.9 10.2 9.6 1028.9 0 0 0.005 0 26.3 37 10.4 25.7 7.16 1.183 10 22 1 95.7 1
10.5 10.5 10.5 66 4.4 8 0.13 11.3 9.6 10.2 9.3 1029 0 0 0.005 0 26.3 37 10.4 25.7 7.16 1.1831 10 22 1 95.7 1
10.4 10.5 10.4 66 4.4 8 0.13 12.9 9.6 10.1 9.2 1029 0 0 0.005 0 26.3 37 10.4 25.7 7.16 1.1831 10 23 1 100 1
10.4 10.4 10.4 66 4.4 1.6 0.03 4.8 10.4 10.1 10.1 1029 0 0 0.005 0 26.3 37 10.4 25.7 7.16 1.1831 10 23 1 100 1
10.4 10.4 10.4 66 4.4 4.8 0.08 11.3 10.3 10.1 10 1029 0 0 0.005 0 26.3 37 10.4 25.7 7.16 1.1831 10 22 1 95.7 1
10.4 10.4 10.4 66 4.4 4.8 0.08 6.4 10.3 10.1 10 1029 0 0 0.005 0 26.3 37 10.4 25.7 7.16 1.1831 10 23 1 100 1
10.4 10.4 10.4 66 4.3 8 0.13 14.5 9.4 10.1 9.1 1029 0 0 0.006 0 26.3 37 10.4 25.7 7.16 1.1831 10 22 1 95.7 1
10.4 10.4 10.4 66 4.3 8 0.13 11.3 9.4 10.1 9.1 1029 0 0 0.006 0 26.3 37 10.4 25.7 7.16 1.1831 10 23 1 100 1
10.4 10.4 10.4 66 4.3 6.4 0.11 9.7 9.8 10.1 9.5 1028.9 0 0 0.006 0 26.3 37 10.4 25.7 7.16 1.183 10 23 1 100 1
10.4 10.4 10.4 66 4.3 4.8 0.08 9.7 10.3 10.1 9.9 1029 0 0 0.006 0 26.3 37 10.4 25.7 7.16 1.1831 10 23 1 100 1
10.4 10.4 10.4 66 4.3 4.8 0.08 9.7 10.3 10.1 9.9 1029 0 0 0.006 0 26.3 37 10.4 25.7 7.16 1.1831 10 23 1 100 1
10.3 10.4 10.3 66 4.3 11.3 0.19 14.5 8.8 10 8.5 1029 0 0 0.006 0 26.3 37 10.4 25.7 7.16 1.1831 10 23 1 100 1
10.3 10.3 10.3 66 4.3 8 0.13 11.3 9.4 10 9.1 1028.9 0 0 0.006 0 26.3 37 10.4 25.7 7.16 1.183 10 23 1 100 1
10.3 10.3 10.3 67 4.4 12.9 0.21 17.7 8.4 9.9 8.1 1029.1 0 0 0.006 0 26.3 37 10.4 25.7 7.16 1.1832 10 23 1 100 1
10.2 10.3 10.2 66 4.1 12.9 0.21 16.1 8.3 9.9 8 1029 0 0 0.006 0 26.3 37 10.4 25.7 7.16 1.1831 10 24 1 100 1
