10.2 10.2 10.2 67 4.4 8 0.13 12.9 9.3 9.9 8.9 1029 0 0 0.006 0 26.3 37 10.4 25.7 7.16 1.1831 10 22 1 95.7 1
10.2 10.2 10.2 67 4.4 6.4 0.11 14.5 9.6 9.9 9.3 1029 0 0 0.006 0 26.3 37 10.4 25.7 7.16 1.1831 10 24 1 100 1
10.2 10.2 10.2 67 4.3 8 0.13 14.5 9.2 9.9 8.9 1029 0 0 0.006 0 26.3 37 10.4 25.7 7.16 1.1831 10 23 1 100 1
10.2 10.2 10.1 67 4.3 6.4 0.11 9.7 9.6 9.9 9.3 1029 0 0 0.006 0 26.3 37 10.4 25.7 7.16 1.1831 10 22 1 95.7 1
10.1 10.2 10.1 67 4.3 11.3 0.19 17.7 8.6 9.8 8.3 1029.1 0 0 0.006 0 26.3 37 10.4 25.7 7.16 1.1832 10 24 1 100 1
10.1 10.1 10.1 67 4.2 11.3 0.19 16.1 8.5 9.8 8.2 1029 0 0 0.006 0 26.3 37 10.4 25.7 7.16 1.1831 9.4 21 1 91.3 1
10.1 10.1 10.1 67 4.2 8 0.13 16.1 9.1 9.8 8.8 1029 0 0 0.006 0 26.3 37 10.4 25.7 7.16 1.1831 9.4 23 1 100 1
10 10.1 10 67 4.1 3.2 0.05 6.4 10 9.7 9.7 1029 0 0 0.006 0 26.3 37 10.4 25.7 7.16 1.1831 9.4 23 1 100 1
10 10.1 10 68 4.4 4.8 0.08 9.7 9.8 9.7 9.6 1029 0 0 0.006 0 26.3 37 10.4 25.7 7.16 1.1831 9.4 23 1 100 1
10 10 10 68 4.4 3.2 0.05 6.4 10 9.7 9.7 1029.1 0 0 0.006 0 26.3 37 10.4 25.7 7.16 1.1832 9.4 24 1 100 1
10 10 10 68 4.4 8 0.13 16.1 9 9.7 8.7 1029.1 0 0 0.006 0 26.3 37 10.4 25.7 7.16 1.1832 9.4 22 1 95.7 1
10 10 10 68 4.4 4.8 0.08 9.7 9.8 9.7 9.6 1029.1 0 0 0.006 0 26.3 37 10.4 25.7 7.16 1.1832 9.4 23 1 100 1
10 10 10 68 4.4 9.7 0.16 20.9 8.7 9.7 8.4 1029.1 0 0 0.006 0 26.3 37 10.4 25.7 7.16 1.1833 9.4 23 1 100 1
9.9 10 9.9 68 4.3 14.5 0.24 19.3 7.7 9.7 7.4 1029.1 0 0 0.006 0 26.3 37 10.4 25.7 7.16 1.1832 9.4 24 1 100 1
9.9 9.9 9.9 68 4.3 11.3 0.19 16.1 8.4 9.7 8.1 1029.2 0 0 0.006 0 26.3 37 10.4 25.7 7.16 1.1834 9.4 22 1 95.7 1
9.9 9.9 9.9 68 4.3 6.4 0.11 11.3 9.3 9.7 9.1 1029.1 0 0 0.006 0 26.3 37 10.4 25.7 7.16 1.1833 9.4 22 1 95.7 1
9.9 9.9 9.9 68 4.3 9.7 0.16 16.1 8.6 9.6 8.3 1029.1 0 0 0.006 0 26.3 37 10.4 25.7 7.16 1.1833 9.4 24 1 100 1
9.9 9.9 9.9 68 4.3 8 0.13 11.3 8.9 9.6 8.6 1029.1 0 0 0.006 0 26.3 37 10.4 25.7 7.16 1.1832 9.4 22 1 95.7 1
9.9 9.9 9.9 69 4.5 6.4 0.11 9.7 9.3 9.7 9.1 1029.1 0 0 0.006 0 26.3 37 10.4 25.7 7.16 1.1833 9.4 24 1 100 1
9.9 9.9 9.9 69 4.5 6.4 0.11 11.3 9.3 9.7 9.1 1029.2 0 0 0.006 0 26.3 37 10.4 25.7 7.16 1.1833 9.4 22 1 95.7 1
9.9 9.9 9.9 69 4.5 8 0.13 11.3 8.9 9.7 8.7 1029.2 0 0 0.006 0 26.3 37 10.4 25.7 7.16 1.1833 9.4 23 1 100 1
9.8 9.9 9.8 69 4.4 8 0.13 12.9 8.8 9.6 8.6 1029.2 0 0 0.006 0 26.3 37 10.4 25.7 7.16 1.1833 9.4 24 1 100 1
9.8 9.9 9.8 69 4.4 9.7 0.16 14.5 8.5 9.6 8.3 1029.1 0 0 0.006 0 26.3 37 10.4 25.7 7.16 1.1833 9.4 23 1 100 1
9.8 9.8 9.8 69 4.4 6.4 0.11 9.7 9.2 9.6 8.9 1029.2 0 0 0.006 0 26.3 37 10.4 25.7 7.16 1.1833 9.4 23 1 100 1
9.8 9.8 9.8 69 4.4 6.4 0.11 9.7 9.2 9.6 8.9 1029.2 0 0 0.006 0 26.3 37 10.4 25.7 7.16 1.1833 9.4 23 1 100 1
9.8 9.8 9.8 69 4.4 3.2 0.05 4.8 9.8 9.6 9.6 1029.2 0 0 0.006 0 26.3 37 10.4 25.7 7.16 1.1833 9.4 22 1 95.7 1
9.8 9.8 9.8 69 4.4 8 0.13 12.9 8.8 9.6 8.6 1029.2 0 0 0.006 0 26.3 37 10.4 25.7 7.16 1.1833 9.4 23 1 100 1
9.8 9.8 9.8 69 4.4 6.4 0.11 9.7 9.2 9.6 8.9 1029.2 0 0 0.006 0 26.3 37 10.4 25.7 7.16 1.1833 9.4 23 1 100 1
9.8 9.8 9.8 69 4.4 3.2 0.05 8 9.8 9.6 9.6 1029.1 0 0 0.006 0 26.3 37 10.4 25.7 7.16 1.1832 9.4 24 1 100 1
9.8 9.8 9.8 69 4.4 3.2 0.05 4.8 9.8 9.6 9.6 1029.2 0 0 0.006 0 26.3 37 10.4 25.7 7.16 1.1833 9.4 22 1 95.7 1
9.8 9.8 9.8 69 4.4 4.8 0.08 8 9.6 9.6 9.4 1029.2 0 0 0.006 0 26.3 37 10.4 25.7 7.16 1.1833 9.4 24 1 100 1
9.8 9.8 9.8 69 4.4 3.2 0.05 4.8 9.8 9.6 9.6 1029.2 0 0 0.006 0 26.3 37 10.4 25.7 7.16 1.1834 9.4 22 1 95.7 1
9.8 9.9 9.8 69 4.4 3.2 0.05 6.4 9.8 9.6 9.6 1029.3 0 0 0.006 0 26.3 37 10.4 25.7 7.16 1.1834 9.4 22 1 95.7 1
9.9 9.9 9.8 69 4.5 3.2 0.05 8 9.9 9.7 9.7 1029.2 0 0 0.006 0 26.3 37 10.4 25.7 7.16 1.1833 9.4 22 1 95.7 1
9.8 9.9 9.8 70 4.6 4.8 0.08 8 9.6 9.6 9.4 1029.2 0 0 0.006 0 26.3 37 10.4 25.7 7.16 1.1833 9.4 23 1 100 1
9.8 9.9 9.8 70 4.6 3.2 0.05 4.8 9.8 9.6 9.6 1029.2 0 0 0.006 0 26.3 37 10.4 25.7 7.16 1.1833 9.4 23 1 100 1
9.8 9.9 9.8 70 4.6 3.2 0.05 6.4 9.8 9.6 9.6 1029.2 0 0 0.006 0 26.3 37 10.4 25.7 7.16 1.1833 9.4 23 1 100 1
9.9 9.9 9.8 70 4.7 1.6 0.03 6.4 9.9 9.7 9.7 1029.2 0 0 0.006 0 26.3 37 10.4 25.7 7.16 1.1834 9.4 22 1 95.7 1
9.8 9.9 9.8 70 4.6 6.4 0.11 11.3 9.2 9.6 8.9 1029.2 0 0 0.006 0 26.3 37 10.4 25.7 7.16 1.1834 9.4 23 1 100 1
9.8 9.8 9.8 70 4.6 3.2 0.05 6.4 9.8 9.6 9.6 1029.2 0 0 0.006 0 26.3 37 10.4 25.7 7.16 1.1833 9.4 22 1 95.7 1
9.8 9.8 9.8 70 4.6 0 0 1.6 9.8 9.6 9.6 1029.2 0 0 0.006 0 26.3 37 10.4 25.7 7.16 1.1834 9.4 24 1 100 1
9.8 9.8 9.8 70 4.6 4.8 0.08 8 9.6 9.6 9.4 1029.2 0 0 0.006 0 26.3 37 10.4 25.7 7.16 1.1833 9.4 21 1 91.3 1
9.8 9.9 9.8 70 4.6 1.6 0.03 6.4 9.8 9.6 9.6 1029.2 0 0 0.006 0 26.3 37 10.4 25.7 7.16 1.1833 9.4 24 1 100 1
9.8 9.9 9.8 70 4.6 1.6 0.03 3.2 9.8 9.6 9.6 1029.2 0 0 0.006 0 26.3 37 10.4 25.7 7.16 1.1833 9.4 22 1 95.7 1
9.8 9.8 9.8 70 4.6 6.4 0.11 11.3 9.2 9.6 8.9 1029.2 0 0 0.006 0 26.3 37 10.4 25.7 7.16 1.1833 9.4 23 1 100 1
9.8 9.8 9.8 70 4.6 4.8 0.08 9.7 9.6 9.6 9.4 1029.2 0 0 0.006 0 26.3 37 10.4 25.7 7.16 1.1833 9.4 23 1 100 1
9.8 9.8 9.8 70 4.6 4.8 0.08 6.4 9.6 9.6 9.4 1029.2 0 0 0.006 0 26.3 37 10.4 25.7 7.16 1.1833 9.4 22 1 95.7 1
9.8 9.8 9.8 70 4.6 3.2 0.05 6.4 9.8 9.6 9.6 1029.2 0 0 0.006 0 26.3 37 10.4 25.7 7.16 1.1833 9.4 24 1 100 1
9.8 9.8 9.8 70 4.6 4.8 0.08 9.7 9.6 9.6 9.4 1029.2 0 0 0.006 0 26.3 37 10.4 25.7 7.16 1.1833 9.4 22 1 95.7 1
9.8 9.8 9.8 70 4.6 6.4 0.11 9.7 9.2 9.6 8.9 1029.2 0 0 0.006 0 26.3 37 10.4 25.7 7.16 1.1833 9.4 22 1 95.7 1
9.8 9.8 9.8 70 4.6 3.2 0.05 9.7 9.8 9.6 9.6 1029.2 0 0 0.006 0 26.3 37 10.4 25.7 7.16 1.1834 9.4 21 1 91.3 1
9.8 9.8 9.8 70 4.6 4.8 0.08 8 9.6 9.6 9.3 1029.2 0 0 0.006 0 26.3 37 10.4 25.7 7.16 1.1833 9.4 22 1 95.7 1
9.8 9.8 9.8 70 4.6 4.8 0.08 11.3 9.6 9.6 9.3 1029.2 0 0 0.006 0 26.3 37 10.4 25.7 7.16 1.1834 9.4 23 1 100 1
9.8 9.8 9.8 70 4.6 6.4 0.11 9.7 9.1 9.6 8.9 1029.2 0 0 0.006 0 26.3 37 10.4 25.7 7.16 1.1834 9.4 23 1 100 1
9.8 9.8 9.8 70 4.6 1.6 0.03 4.8 9.8 9.6 9.6 1029.2 0 0 0.006 0 26.3 36 10 25.6 6.96 1.1838 9.4 23 1 100 1
9.8 9.8 9.8 70 4.6 3.2 0.05 6.4 9.8 9.6 9.6 1029.3 0 0 0.006 0 26.3 37 10.4 25.7 7.16 1.1834 9.4 22 1 95.7 1
9.8 9.8 9.8 70 4.6 3.2 0.05 6.4 9.8 9.6 9.6 1029.2 0 0 0.006 0 26.3 37 10.4 25.7 7.16 1.1834 9.4 22 1 95.7 1
9.8 9.8 9.8 70 4.6 3.2 0.05 6.4 9.8 9.6 9.6 1029.3 0 0 0.006 0 26.3 37 10.4 25.7 7.16 1.1835 9.4 22 1 95.7 1
9.8 9.8 9.8 70 4.6 3.2 0.05 6.4 9.8 9.6 9.6 1029.3 0 0 0.006 0 26.3 37 10.4 25.7 7.16 1.1834 9.4 23 1 100 1
9.8 9.8 9.8 70 4.6 4.8 0.08 8 9.6 9.6 9.3 1029.3 0 0 0.006 0 26.3 36 10 25.6 6.96 1.1838 9.4 24 1 100 1
9.8 9.8 9.7 70 4.6 3.2 0.05 4.8 9.8 9.6 9.6 1029.3 0 0 0.006 0 26.3 36 10 25.6 6.96 1.1839 9.4 22 1 95.7 1
9.8 9.8 9.8 70 4.6 3.2 0.05 6.4 9.8 9.6 9.6 1029.3 0 0 0.006 0 26.3 36 10 25.6 6.96 1.1839 9.4 23 1 100 1
9.8 9.8 9.8 70 4.6 3.2 0.05 6.4 9.8 9.6 9.6 1029.3 0 0 0.006 0 26.3 36 10 25.6 6.96 1.1839 9.4 24 1 100 1
9.7 9.8 9.7 70 4.5 6.4 0.11 11.3 9.1 9.5 8.8 1029.3 0 0 0.006 0 26.3 36 10 25.6 6.96 1.1839 9.4 22 1 95.7 1
9.7 9.8 9.7 70 4.5 4.8 0.08 9.7 9.5 9.5 9.3 1029.4 0 0 0.006 0 26.3 36 10 25.6 6.96 1.1839 9.4 24 1 100 1
9.7 9.7 9.7 70 4.5 3.2 0.05 6.4 9.7 9.5 9.5 1029.4 0 0 0.006 0 26.3 36 10 25.6 6.96 1.1839 9.4 22 1 95.7 1
9.7 9.7 9.7 70 4.5 1.6 0.03 4.8 9.7 9.5 9.5 1029.4 0 0 0.006 0 26.3 36 10 25.6 6.96 1.184 9.4 23 1 100 1
9.7 9.7 9.7 70 4.5 3.2 0.05 4.8 9.7 9.5 9.5 1029.5 0 0 0.006 0 26.3 36 10 25.6 6.96 1.1841 9.4 23 1 100 1
9.8 9.8 9.7 70 4.6 1.6 0.03 4.8 9.8 9.6 9.6 1029.4 0 0 0.006 0 26.3 37 10.4 25.7 7.16 1.1836 9.4 23 1 100 1
9.8 9.8 9.8 71 4.8 1.6 0.03 4.8 9.8 9.6 9.6 1029.5 0 0 0.006 0 26.3 37 10.4 25.7 7.16 1.1837 9.4 24 1 100 1
9.8 9.8 9.8 70 4.6 4.8 0.08 6.4 9.6 9.6 9.3 1029.5 0 0 0.006 0 26.3 37 10.4 25.7 7.16 1.1837 9.4 23 1 100 1
9.8 9.8 9.8 70 4.6 1.6 0.03 3.2 9.8 9.6 9.6 1029.5 0 0 0.006 0 26.3 37 10.4 25.7 7.16 1.1837 9.4 24 1 100 1
9.8 9.8 9.8 71 4.8 3.2 0.05 6.4 9.8 9.6 9.6 1029.5 0 0 0.006 0 26.3 37 10.4 25.7 7.16 1.1837 9.4 22 1 95.7 1
9.8 9.8 9.8 70 4.6 4.8 0.08 9.7 9.6 9.6 9.3 1029.5 0 0 0.006 0 26.3 37 10.4 25.7 7.16 1.1837 9.4 23 1 100 1
9.8 9.8 9.8 70 4.6 4.8 0.08 8 9.6 9.6 9.3 1029.5 0 0 0.006 0 26.3 37 10.4 25.7 7.16 1.1837 9.4 24 1 100 1
9.8 9.8 9.8 70 4.6 4.8 0.08 8 9.6 9.6 9.3 1029.4 0 0 0.006 0 26.3 37 10.4 25.7 7.16 1.1836 9.4 23 1 100 1
9.8 9.8 9.8 70 4.6 4.8 0.08 8 9.6 9.6 9.3 1029.5 0 0 0.006 0 26.3 37 10.4 25.7 7.16 1.1837 9.4 23 1 100 1
9.8 9.8 9.8 70 4.6 3.2 0.05 8 9.8 9.6 9.6 1029.5 0 0 0.006 0 26.3 37 10.4 25.7 7.16 1.1837 9.4 23 1 100 1
9.8 9.8 9.8 70 4.6 4.8 0.08 11.3 9.6 9.6 9.3 1029.4 0 0 0.006 0 26.3 37 10.4 25.7 7.16 1.1836 9.4 24 1 100 1
9.7 9.8 9.7 70 4.5 1.6 0.03 6.4 9.7 9.5 9.5 1029.5 0 0 0.006 0 26.3 36 10 25.6 6.96 1.1841 9.4 23 1 100 1
9.7 9.8 9.7 70 4.5 4.8 0.08 8 9.5 9.5 9.3 1029.5 0 0 0.006 0 26.3 36 10 25.6 6.96 1.1841 9.4 22 1 95.7 1
9.7 9.7 9.7 70 4.5 6.4 0.11 11.3 9.1 9.5 8.8 1029.4 0 0 0.006 0 26.3 36 10 25.6 6.96 1.184 9.4 23 1 100 1
9.7 9.7 9.7 70 4.5 6.4 0.11 11.3 9.1 9.5 8.8 1029.5 0 0 0.006 0 26.3 36 10 25.6 6.96 1.1841 9.4 23 1 100 1
9.7 9.7 9.7 70 4.5 1.6 0.03 3.2 9.7 9.5 9.5 1029.5 0 0 0.006 0 26.3 36 10 25.6 6.96 1.1841 9.4 24 1 100 1
9.7 9.7 9.7 70 4.5 3.2 0.05 4.8 9.7 9.5 9.5 1029.5 0 0 0.006 0 26.3 36 10 25.6 6.96 1.1841 9.4 23 1 100 1
9.7 9.7 9.7 70 4.5 3.2 0.05 4.8 9.7 9.5 9.5 1029.5 0 0 0.006 0 26.3 36 10 25.6 6.96 1.1841 9.4 22 1 95.7 1
9.7 9.7 9.7 70 4.5 3.2 0.05 8 9.7 9.5 9.5 1029.5 0 0 0.006 0 26.3 36 10 25.6 6.96 1.1841 9.4 24 1 100 1
9.7 9.7 9.7 70 4.5 1.6 0.03 3.2 9.7 9.5 9.5 1029.5 0 0 0.006 0 26.3 36 10 25.6 6.96 1.1841 9.4 23 1 100 1
9.7 9.7 9.7 70 4.5 1.6 0.03 3.2 9.7 9.4 9.4 1029.5 0 0 0.006 0 26.3 36 10 25.6 6.96 1.1841 9.4 24 1 100 1
9.7 9.7 9.7 70 4.5 4.8 0.08 6.4 9.4 9.4 9.2 1029.5 0 0 0.006 0 26.3 36 10 25.6 6.96 1.1841 9.4 22 1 95.7 1
9.7 9.7 9.7 70 4.5 6.4 0.11 8 9 9.4 8.8 1029.6 0 0 0.006 0 26.3 36 10 25.6 6.96 1.1842 9.4 24 1 100 1
9.7 9.7 9.7 70 4.5 4.8 0.08 8 9.4 9.4 9.2 1029.5 0 0 0.006 0 26.3 36 10 25.6 6.96 1.1841 9.4 23 1 100 1
9.7 9.7 9.7 71 4.7 6.4 0.11 9.7 9 9.4 8.8 1029.4 0 0 0.006 0 26.3 36 10 25.6 6.96 1.184 9.4 23 1 100 1
9.6 9.6 9.6 71 4.6 6.4 0.11 12.9 8.9 9.4 8.7 1029.5 0 0 0.006 0 26.3 36 10 25.6 6.96 1.1841 9.4 24 1 100 1
9.6 9.6 9.6 71 4.6 3.2 0.05 3.2 9.6 9.4 9.4 1029.5 0 0 0.006 0 26.3 36 10 25.6 6.96 1.1841 9.4 23 1 100 1
9.6 9.6 9.6 71 4.6 1.6 0.03 4.8 9.6 9.4 9.4 1029.5 0 0 0.006 0 26.3 36 10 25.6 6.96 1.1841 9.4 23 1 100 1
9.6 9.6 9.6 71 4.6 3.2 0.05 6.4 9.6 9.4 9.4 1029.6 0 0 0.006 0 26.3 37 10.4 25.7 7.16 1.1838 9.4 22 1 95.7 1
9.6 9.6 9.6 71 4.6 3.2 0.05 6.4 9.6 9.4 9.4 1029.5 0 0 0.006 0 26.3 36 10 25.6 6.96 1.1841 9.4 23 1 100 1
9.6 9.6 9.6 71 4.6 4.8 0.08 8 9.4 9.4 9.2 1029.5 0 0 0.006 0 26.3 36 10 25.6 6.96 1.1841 9.4 24 1 100 1
9.6 9.6 9.6 71 4.6 4.8 0.08 11.3 9.3 9.3 9.1 1029.6 0 0 0.006 0 26.3 36 10 25.6 6.96 1.1842 9.4 23 1 100 1
9.6 9.6 9.6 71 4.6 6.4 0.11 11.3 8.8 9.3 8.6 1029.6 0 0 0.006 0 26.3 36 10 25.6 6.96 1.1842 9.4 23 1 100 1
9.6 9.6 9.6 71 4.6 4.8 0.08 8 9.3 9.3 9.1 1029.5 0 0 0.006 0 26.3 36 10 25.6 6.96 1.1841 9.4 23 1 100 1
9.6 9.6 9.6 71 4.6 6.4 0.11 11.3 8.8 9.3 8.6 1029.5 0 0 0.006 0 26.3 36 10 25.6 6.96 1.1841 9.4 23 1 100 1
9.6 9.6 9.6 71 4.6 6.4 0.11 8 8.8 9.3 8.6 1029.5 0 0 0.006 0 26.3 36 10 25.6 6.96 1.1841 9.4 24 1 100 1
9.6 9.6 9.6 71 4.6 8 0.13 14.5 8.4 9.3 8.2 1029.6 0 0 0.006 0 26.3 36 10 25.6 6.96 1.1842 9.4 22 1 95.7 1
9.6 9.6 9.6 71 4.6 4.8 0.08 8 9.3 9.3 9.1 1029.5 0 0 0.006 0 26.3 36 10 25.6 6.96 1.1841 9.4 23 1 100 1
9.6 9.6 9.5 71 4.6 6.4 0.11 14.5 8.8 9.3 8.6 1029.5 0 0 0.006 0 26.3 36 10 25.6 6.96 1.1841 9.4 22 1 95.7 1
9.5 9.5 9.5 71 4.5 8 0.13 12.9 8.4 9.3 8.2 1029.6 0 0 0.006 0 26.3 36 10 25.6 6.96 1.1842 9.4 23 1 100 1
9.5 9.5 9.5 71 4.5 4.8 0.08 6.4 9.2 9.3 9 1029.5 0 0 0.006 0 26.3 36 10 25.6 6.96 1.1841 9.4 23 1 100 1
9.5 9.5 9.5 71 4.5 3.2 0.05 6.4 9.5 9.3 9.3 1029.6 0 0 0.006 0 26.3 37 10.4 25.7 7.16 1.1838 8.9 23 1 100 1
9.5 9.5 9.5 71 4.5 9.7 0.16 14.5 8.1 9.3 7.9 1029.6 0 0 0.006 0 26.3 36 10 25.6 6.96 1.1842 9.4 23 1 100 1
9.5 9.5 9.5 71 4.5 6.4 0.11 12.9 8.8 9.3 8.6 1029.6 0 0 0.006 0 26.3 36 10 25.6 6.96 1.1842 8.9 22 1 95.7 1
9.5 9.5 9.5 71 4.5 4.8 0.08 8 9.2 9.3 9 1029.5 0 0 0.006 0 26.3 36 10 25.6 6.96 1.1841 8.9 24 1 100 1
9.5 9.5 9.4 71 4.5 3.2 0.05 6.4 9.5 9.3 9.3 1029.6 0 0 0.006 0 26.3 36 10 25.6 6.96 1.1842 9.4 22 1 95.7 1
9.5 9.5 9.5 71 4.5 4.8 0.08 9.7 9.2 9.3 9 1029.6 0 0 0.006 0 26.3 36 10 25.6 6.96 1.1842 8.9 23 1 100 1
9.5 9.5 9.4 71 4.5 4.8 0.08 8 9.2 9.3 9 1029.6 0 0 0.006 0 26.3 36 10 25.6 6.96 1.1842 9.4 23 1 100 1
9.5 9.5 9.5 71 4.5 4.8 0.08 6.4 9.2 9.3 9 1029.7 0 0 0.006 0 26.3 36 10 25.6 6.96 1.1843 9.4 23 1 100 1
9.5 9.5 9.5 71 4.5 3.2 0.05 4.8 9.5 9.3 9.3 1029.7 0 0 0.006 0 26.3 36 10 25.6 6.96 1.1843 9.4 24 1 100 1
9.5 9.5 9.5 71 4.5 0 0 1.6 9.5 9.3 9.3 1029.7 0 0 0.006 0 26.3 36 10 25.6 6.96 1.1843 8.9 23 1 100 1
9.5 9.5 9.5 71 4.5 1.6 0.03 4.8 9.5 9.3 9.3 1029.7 0 0 0.006 0 26.3 36 10 25.6 6.96 1.1843 8.9 24 1 100 1
9.5 9.5 9.5 71 4.5 3.2 0.05 6.4 9.5 9.3 9.3 1029.7 0 0 0.006 0 26.3 36 10 25.6 6.96 1.1843 8.9 23 1 100 1
9.5 9.5 9.5 71 4.5 3.2 0.05 4.8 9.5 9.3 9.3 1029.7 0 0 0.006 0 26.3 36 10 25.6 6.96 1.1843 9.4 23 1 100 1
9.5 9.5 9.5 71 4.5 0 0 1.6 9.5 9.3 9.3 1029.7 0 0 0.006 0 26.3 36 10 25.6 6.96 1.1843 8.9 24 1 100 1
9.5 9.5 9.5 71 4.5 4.8 0.08 9.7 9.2 9.3 9 1029.7 0 0 0.006 0 26.3 36 10 25.6 6.96 1.1843 8.9 22 1 95.7 1
9.4 9.5 9.4 71 4.4 4.8 0.08 9.7 9.2 9.2 8.9 1029.6 0 0 0.006 0 26.3 36 10 25.6 6.96 1.1842 8.9 24 1 100 1
9.5 9.5 9.4 71 4.5 3.2 0.05 6.4 9.5 9.3 9.3 1029.6 0 0 0.006 0 26.3 36 10 25.6 6.96 1.1842 8.9 23 1 100 1
9.4 9.4 9.4 71 4.4 3.2 0.05 6.4 9.4 9.2 9.2 1029.7 0 0 0.006 0 26.3 36 10 25.6 6.96 1.1843 8.9 22 1 95.7 1
9.4 9.5 9.4 71 4.4 3.2 0.05 4.8 9.4 9.2 9.2 1029.7 0 0 0.006 0 26.3 36 10 25.6 6.96 1.1843 8.9 23 1 100 1
9.4 9.4 9.4 71 4.4 3.2 0.05 4.8 9.4 9.2 9.2 1029.7 0 0 0.006 0 26.3 36 10 25.6 6.96 1.1843 8.9 22 1 95.7 1
9.4 9.4 9.4 71 4.4 0 0 3.2 9.4 9.2 9.2 1029.8 0 0 0.006 0 26.3 36 10 25.6 6.96 1.1844 8.9 24 1 100 1
9.4 9.4 9.4 71 4.4 1.6 0.03 4.8 9.4 9.2 9.2 1029.7 0 0 0.006 0 26.3 36 10 25.6 6.96 1.1843 8.9 22 1 95.7 1
9.4 9.4 9.4 71 4.4 4.8 0.08 9.7 9.2 9.2 8.9 1029.8 0 0 0.006 0 26.3 36 10 25.6 6.96 1.1844 8.9 23 1 100 1
9.4 9.4 9.4 71 4.4 4.8 0.08 9.7 9.2 9.2 8.9 1029.8 0 0 0.006 0 26.3 36 10 25.6 6.96 1.1844 8.9 22 1 95.7 1
9.4 9.4 9.4 71 4.4 3.2 0.05 6.4 9.4 9.2 9.2 1029.7 0 0 0.006 0 26.3 36 10 25.6 6.96 1.1844 8.9 23 1 100 1
9.4 9.4 9.4 71 4.4 6.4 0.11 11.3 8.7 9.2 8.5 1029.9 0 0 0.006 0 26.3 36 10 25.6 6.96 1.1845 8.9 23 1 100 1
9.4 9.4 9.4 71 4.4 6.4 0.11 14.5 8.7 9.2 8.5 1029.8 0 0 0.006 0 26.3 36 10 25.6 6.96 1.1844 8.9 22 1 95.7 1
9.4 9.4 9.4 71 4.4 6.4 0.11 9.7 8.7 9.2 8.4 1029.8 0 0 0.006 0 26.3 36 10 25.6 6.96 1.1845 8.9 24 1 100 1
9.4 9.4 9.4 71 4.4 4.8 0.08 6.4 9.1 9.2 8.9 1029.9 0 0 0.006 0 26.3 36 10 25.6 6.96 1.1846 8.9 22 1 95.7 1
9.4 9.4 9.4 71 4.4 4.8 0.08 9.7 9.1 9.2 8.9 1029.8 0 0 0.006 0 26.3 36 10 25.6 6.96 1.1845 8.9 23 1 100 1
9.4 9.4 9.4 71 4.4 3.2 0.05 8 9.4 9.2 9.2 1029.9 0 0 0.006 0 26.3 36 10 25.6 6.96 1.1845 8.9 23 1 100 1
9.4 9.4 9.4 71 4.4 1.6 0.03 3.2 9.4 9.2 9.2 1029.9 0 0 0.006 0 26.3 36 10 25.6 6.96 1.1845 8.9 22 1 95.7 1
9.4 9.4 9.4 71 4.4 3.2 0.05 6.4 9.4 9.2 9.2 1029.8 0 0 0.006 0 26.3 36 10 25.6 6.96 1.1844 8.9 23 1 100 1
9.4 9.4 9.4 71 4.4 8 0.13 12.9 8.3 9.2 8.1 1029.8 0 0 0.006 0 26.3 36 10 25.6 6.96 1.1845 8.9 23 1 100 1
9.4 9.4 9.4 71 4.4 9.7 0.16 14.5 8 9.2 7.8 1029.8 0 0 0.006 0 26.3 36 10 25.6 6.96 1.1845 8.9 22 1 95.7 1
9.4 9.4 9.4 71 4.4 8 0.13 14.5 8.3 9.2 8.1 1029.9 0 0 0.006 0 26.3 36 10 25.6 6.96 1.1845 8.9 24 1 100 1
9.4 9.4 9.4 71 4.4 6.4 0.11 9.7 8.7 9.2 8.4 1029.8 0 0 0.006 0 26.3 36 10 25.6 6.96 1.1845 8.9 21 1 91.3 1
9.4 9.4 9.4 71 4.4 4.8 0.08 9.7 9.1 9.2 8.9 1029.8 0 0 0.006 0 26.3 36 10 25.6 6.96 1.1845 8.9 23 1 100 1
9.3 9.4 9.3 71 4.3 6.4 0.11 8 8.6 9.1 8.4 1029.9 0 0 0.006 0 26.3 36 10 25.6 6.96 1.1845 8.9 23 1 100 1
9.4 9.4 9.3 71 4.4 4.8 0.08 8 9.1 9.2 8.9 1029.9 0 0 0.006 0 26.3 36 10 25.6 6.96 1.1845 8.9 22 1 95.7 1
9.4 9.4 9.3 71 4.4 3.2 0.05 6.4 9.4 9.2 9.2 1029.8 0 0 0.006 0 26.3 36 10 25.6 6.96 1.1845 8.9 22 1 95.7 1
9.4 9.4 9.3 71 4.4 4.8 0.08 9.7 9.1 9.2 8.9 1029.8 0 0 0.006 0 26.4 36 10.1 25.7 6.96 1.184 8.9 22 1 95.7 1
9.4 9.4 9.3 71 4.4 3.2 0.05 4.8 9.4 9.2 9.2 1029.8 0 0 0.006 0 26.4 36 10.1 25.7 6.96 1.184 8.9 24 1 100 1
9.3 9.4 9.3 71 4.3 6.4 0.11 9.7 8.6 9.1 8.4 1029.8 0 0 0.006 0 26.4 36 10.1 25.7 6.96 1.1839 8.9 22 1 95.7 1
9.4 9.4 9.4 71 4.4 6.4 0.11 11.3 8.7 9.2 8.4 1029.8 0 0 0.006 0 26.3 36 10 25.6 6.96 1.1845 8.9 23 1 100 1
9.4 9.4 9.3 71 4.4 6.4 0.11 9.7 8.7 9.2 8.4 1029.8 0 0 0.006 0 26.4 36 10.1 25.7 6.96 1.184 8.9 22 1 95.7 1
9.4 9.4 9.3 71 4.4 4.8 0.08 9.7 9.1 9.2 8.9 1029.9 0 0 0.006 0 26.4 36 10.1 25.7 6.96 1.184 8.9 22 1 95.7 1
9.4 9.4 9.3 71 4.4 4.8 0.08 8 9.1 9.2 8.9 1029.8 0 0 0.006 0 26.4 36 10.1 25.7 6.96 1.184 8.9 23 1 100 1
9.4 9.4 9.4 71 4.4 6.4 0.11 12.9 8.7 9.2 8.4 1029.9 0 0 0.006 0 26.4 36 10.1 25.7 6.96 1.184 8.9 23 1 100 1
9.4 9.4 9.4 71 4.4 8 0.13 12.9 8.3 9.2 8.1 1029.8 0 0 0.006 0 26.4 36 10.1 25.7 6.96 1.184 8.9 24 1 100 1
9.4 9.4 9.4 71 4.4 8 0.13 12.9 8.3 9.2 8.1 1029.8 0 0 0.006 0 26.4 36 10.1 25.7 6.96 1.184 9.4 23 1 100 1
9.4 9.4 9.4 70 4.2 8 0.13 14.5 8.3 9.2 8.1 1029.9 0 0 0.006 0 26.4 36 10.1 25.7 6.96 1.184 9.4 23 1 100 1
9.4 9.4 9.4 70 4.2 6.4 0.11 11.3 8.7 9.2 8.5 1029.9 0 0 0.006 0 26.4 36 10.1 25.7 6.96 1.184 9.4 22 1 95.7 1
9.4 9.4 9.4 70 4.2 1.6 0.03 3.2 9.4 9.2 9.2 1029.9 0 0 0.006 0 26.4 36 10.1 25.7 6.96 1.184 9.4 23 1 100 1
9.4 9.4 9.4 70 4.2 4.8 0.08 11.3 9.2 9.2 8.9 1029.9 0 0 0.006 0 26.4 36 10.1 25.7 6.96 1.1841 9.4 24 1 100 1
9.4 9.4 9.4 70 4.2 4.8 0.08 6.4 9.2 9.2 8.9 1029.9 0 0 0.006 0 26.4 36 10.1 25.7 6.96 1.184 9.4 23 1 100 1
9.4 9.4 9.4 70 4.2 6.4 0.11 9.7 8.7 9.2 8.5 1029.9 0 0 0.006 0 26.4 36 10.1 25.7 6.96 1.1841 8.9 24 1 100 1
9.4 9.4 9.4 70 4.2 9.7 0.16 12.9 8.1 9.2 7.8 1030 0 0 0.006 0 26.4 36 10.1 25.7 6.96 1.1842 8.9 23 1 100 1
9.4 9.4 9.4 70 4.2 6.4 0.11 11.3 8.7 9.2 8.5 1030 0 0 0.006 0 26.4 36 10.1 25.7 6.96 1.1841 8.9 23 1 100 1
9.4 9.4 9.4 70 4.2 6.4 0.11 8 8.7 9.2 8.4 1030 0 0 0.006 0 26.4 36 10.1 25.7 6.96 1.1842 8.9 23 1 100 1
9.4 9.4 9.4 70 4.2 6.4 0.11 9.7 8.7 9.2 8.4 1030.1 0 0 0.006 0 26.4 36 10.1 25.7 6.96 1.1842 8.9 23 1 100 1
9.4 9.4 9.4 70 4.2 3.2 0.05 4.8 9.4 9.2 9.2 1030 0 0 0.006 0 26.4 36 10.1 25.7 6.96 1.1841 8.9 24 1 100 1
9.4 9.4 9.4 70 4.2 4.8 0.08 6.4 9.1 9.2 8.9 1030.1 0 0 0.006 0 26.4 36 10.1 25.7 6.96 1.1842 8.9 23 1 100 1
9.4 9.4 9.4 70 4.2 4.8 0.08 8 9.1 9.2 8.9 1030 0 0 0.006 0 26.4 36 10.1 25.7 6.96 1.1842 8.9 23 1 100 1
9.4 9.4 9.4 71 4.4 3.2 0.05 4.8 9.4 9.2 9.2 1030 0 0 0.006 0 26.4 36 10.1 25.7 6.96 1.1842 8.9 23 1 100 1
9.4 9.4 9.4 71 4.4 1.6 0.03 3.2 9.4 9.2 9.2 1030.1 0 0 0.006 0 26.4 36 10.1 25.7 6.96 1.1842 8.9 23 1 100 1
9.4 9.4 9.4 71 4.4 3.2 0.05 6.4 9.4 9.2 9.2 1030.1 0 0 0.006 0 26.4 36 10.1 25.7 6.96 1.1842 8.9 24 1 100 1
9.4 9.4 9.4 71 4.4 3.2 0.05 6.4 9.4 9.2 9.2 1030.1 0 0 0.006 0 26.4 36 10.1 25.7 6.96 1.1843 8.9 23 1 100 1
9.4 9.4 9.3 71 4.4 4.8 0.08 6.4 9.1 9.2 8.9 1030.1 0 0 0.006 0 26.4 36 10.1 25.7 6.96 1.1843 8.9 23 1 100 1
9.3 9.4 9.3 71 4.3 3.2 0.05 4.8 9.3 9.1 9.1 1030.1 0 0 0.006 0 26.4 36 10.1 25.7 6.96 1.1843 8.9 23 1 100 1
9.3 9.3 9.3 71 4.3 0 0 0 9.3 9.1 9.1 1030.1 0 0 0.006 0 26.4 36 10.1 25.7 6.96 1.1843 8.9 22 1 95.7 1
9.3 9.3 9.3 71 4.3 0 0 3.2 9.3 9.1 9.1 1030.1 0 0 0.006 0 26.4 36 10.1 25.7 6.96 1.1843 8.9 24 1 100 1
9.3 9.3 9.3 71 4.3 1.6 0.03 1.6 9.3 9.1 9.1 1030.1 0 0 0.006 0 26.4 36 10.1 25.7 6.96 1.1843 8.9 22 1 95.7 1
9.3 9.3 9.3 71 4.3 0 0 0 9.3 9.1 9.1 1030.1 0 0 0.006 0 26.4 36 10.1 25.7 6.96 1.1843 8.9 24 1 100 1
9.3 9.3 9.3 71 4.3 0 0 3.2 9.3 9.1 9.1 1030.1 0 0 0.006 0 26.4 36 10.1 25.7 6.96 1.1843 8.9 22 1 95.7 1
9.3 9.3 9.3 71 4.3 3.2 0.05 8 9.3 9.1 9.1 1030.1 0 0 0.006 0 26.4 36 10.1 25.7 6.96 1.1843 8.9 24 1 100 1
9.3 9.3 9.3 71 4.3 6.4 0.11 8 8.6 9.1 8.4 1030.1 0 0 0.006 0 26.4 36 10.1 25.7 6.96 1.1843 8.9 23 1 100 1
9.3 9.3 9.3 71 4.3 8 0.13 11.3 8.2 9.1 7.9 1030.2 0 0 0.006 0 26.4 36 10.1 25.7 6.96 1.1843 8.9 22 1 95.7 1
9.3 9.3 9.3 71 4.3 6.4 0.11 9.7 8.6 9.1 8.3 1030.1 0 0 0.006 0 26.4 36 10.1 25.7 6.96 1.1843 8.9 23 1 100 1
9.3 9.3 9.3 71 4.3 3.2 0.05 4.8 9.3 9.1 9.1 1030.2 0 0 0.006 0 26.4 36 10.1 25.7 6.96 1.1843 8.9 23 1 100 1
9.3 9.3 9.3 71 4.3 1.6 0.03 3.2 9.3 9.1 9.1 1030.1 0 0 0.006 0 26.4 36 10.1 25.7 6.96 1.1843 8.9 23 1 100 1
9.3 9.3 9.3 71 4.3 3.2 0.05 8 9.3 9.1 9.1 1030.2 0 0 0.006 0 26.4 36 10.1 25.7 6.96 1.1844 8.9 23 1 100 1
9.3 9.3 9.3 71 4.3 1.6 0.03 3.2 9.3 9.1 9.1 1030.2 0 0 0.006 0 26.4 36 10.1 25.7 6.96 1.1844 8.9 23 1 100 1
9.3 9.3 9.3 71 4.3 3.2 0.05 8 9.3 9.1 9.1 1030.2 0 0 0.006 0 26.4 36 10.1 25.7 6.96 1.1844 8.9 24 1 100 1
9.3 9.3 9.3 71 4.3 4.8 0.08 8 9 9.1 8.8 1030.3 0 0 0.006 0 26.4 36 10.1 25.7 6.96 1.1845 8.9 23 1 100 1
9.3 9.3 9.3 71 4.3 4.8 0.08 8 9 9.1 8.8 1030.3 0 0 0.006 0 26.4 36 10.1 25.7 6.96 1.1845 8.9 23 1 100 1
9.3 9.3 9.3 71 4.3 8 0.13 11.3 8.2 9.1 7.9 1030.3 0 0 0.006 0 26.4 36 10.1 25.7 6.96 1.1845 8.9 23 1 100 1
9.2 9.3 9.2 71 4.2 6.4 0.11 9.7 8.5 9 8.3 1030.3 0 0 0.006 0 26.4 36 10.1 25.7 6.96 1.1845 8.9 22 1 95.7 1
9.2 9.2 9.2 71 4.2 3.2 0.05 4.8 9.2 9 9 1030.3 0 0 0.006 0 26.4 36 10.1 25.7 6.96 1.1845 8.9 24 1 100 1
9.2 9.2 9.2 71 4.2 6.4 0.11 8 8.5 9 8.3 1030.3 0 0 0.006 0 26.4 36 10.1 25.7 6.96 1.1845 8.9 22 1 95.7 1
9.2 9.2 9.2 71 4.2 3.2 0.05 6.4 9.2 9 9 1030.4 0 0 0.006 0 26.4 36 10.1 25.7 6.96 1.1846 8.9 24 1 100 1
9.2 9.2 9.2 71 4.2 4.8 0.08 9.7 8.9 9 8.7 1030.3 0 0 0.006 0 26.4 36 10.1 25.7 6.96 1.1845 8.9 23 1 100 1
9.2 9.2 9.2 71 4.2 4.8 0.08 8 8.9 9 8.7 1030.4 0 0 0.006 0 26.4 36 10.1 25.7 6.96 1.1846 8.9 24 1 100 1
9.2 9.2 9.2 71 4.2 4.8 0.08 9.7 8.9 9 8.7 1030.3 0 0 0.006 0 26.4 36 10.1 25.7 6.96 1.1845 8.9 22 1 95.7 1
9.2 9.2 9.2 71 4.2 3.2 0.05 4.8 9.2 9 9 1030.4 0 0 0.006 0 26.4 36 10.1 25.7 6.96 1.1846 8.9 23 1 100 1
9.2 9.2 9.2 71 4.2 3.2 0.05 6.4 9.2 9 9 1030.4 0 0 0.006 0 26.4 36 10.1 25.7 6.96 1.1846 8.9 24 1 100 1
9.2 9.2 9.2 71 4.2 4.8 0.08 8 8.9 9 8.7 1030.3 0 0 0.006 0 26.4 36 10.1 25.7 6.96 1.1845 8.9 23 1 100 1
9.2 9.2 9.2 71 4.2 8 0.13 11.3 8.1 9 7.9 1030.3 0 0 0.006 0 26.4 36 10.1 25.7 6.96 1.1845 8.9 23 1 100 1
9.2 9.2 9.2 71 4.2 6.4 0.11 12.9 8.5 9 8.3 1030.4 0 0 0.006 0 26.4 36 10.1 25.7 6.96 1.1846 8.9 23 1 100 1
9.2 9.2 9.2 70 4 8 0.13 11.3 8.1 9 7.9 1030.3 0 0 0.006 0 26.4 36 10.1 25.7 6.96 1.1845 8.9 23 1 100 1
9.2 9.2 9.2 70 4 6.4 0.11 9.7 8.5 9 8.3 1030.4 0 0 0.006 0 26.4 36 10.1 25.7 6.96 1.1846 8.9 23 1 100 1
9.2 9.2 9.2 70 4 3.2 0.05 6.4 9.2 9 9 1030.4 0 0 0.006 0 26.4 36 10.1 25.7 6.96 1.1846 8.9 23 1 100 1
9.2 9.2 9.2 70 4 4.8 0.08 8 8.9 9 8.7 1030.3 0 0 0.006 0 26.4 36 10.1 25.7 6.96 1.1845 8.9 24 1 100 1
9.2 9.2 9.2 70 4 4.8 0.08 6.4 8.9 9 8.7 1030.3 0 0 0.006 0 26.4 36 10.1 25.7 6.96 1.1845 8.9 22 1 95.7 1
9.2 9.2 9.2 70 4 1.6 0.03 4.8 9.2 9 9 1030.3 0 0 0.006 0 26.4 36 10.1 25.7 6.96 1.1845 8.9 24 1 100 1
9.2 9.2 9.2 70 4 3.2 0.05 8 9.2 9 9 1030.3 0 0 0.006 0 26.4 36 10.1 25.7 6.96 1.1845 8.9 23 1 100 1
9.2 9.2 9.2 70 4 6.4 0.11 11.3 8.5 9 8.3 1030.3 0 0 0.006 0 26.4 36 10.1 25.7 6.96 1.1845 8.9 23 1 100 1
9.2 9.2 9.2 70 4 4.8 0.08 8 8.9 9 8.7 1030.3 0 0 0.006 0 26.4 36 10.1 25.7 6.96 1.1845 8.9 24 1 100 1
9.2 9.2 9.2 70 4 4.8 0.08 6.4 8.9 9 8.7 1030.3 0 0 0.006 0 26.4 36 10.1 25.7 6.96 1.1845 8.9 22 1 95.7 1
9.2 9.3 9.2 70 4 8 0.13 11.3 8.1 9 7.9 1030.3 0 0 0.006 0 26.4 36 10.1 25.7 6.96 1.1845 8.9 24 1 100 1
9.2 9.2 9.2 70 4 9.7 0.16 12.9 7.8 9 7.6 1030.3 0 0 0.006 0 26.4 36 10.1 25.7 6.96 1.1845 8.9 22 1 95.7 1
9.2 9.3 9.2 70 4 9.7 0.16 11.3 7.8 9 7.6 1030.3 0 0 0.006 0 26.4 36 10.1 25.7 6.96 1.1845 8.9 23 1 100 1
9.2 9.2 9.2 70 4 4.8 0.08 8 8.9 9 8.7 1030.3 0 0 0.006 0 26.4 36 10.1 25.7 6.96 1.1845 8.9 24 1 100 1
9.3 9.3 9.2 70 4.1 8 0.13 11.3 8.2 9.1 7.9 1030.3 0 0 0.006 0 26.4 36 10.1 25.7 6.96 1.1845 8.9 23 1 100 1
9.2 9.3 9.2 70 4 3.2 0.05 9.7 9.2 9 9 1030.3 0 0 0.006 0 26.4 36 10.1 25.7 6.96 1.1845 8.9 24 1 100 1
9.3 9.3 9.3 70 4.1 1.6 0.03 8 9.3 9.1 9.1 1030.2 0 0 0.006 0 26.4 36 10.1 25.7 6.96 1.1844 8.9 23 1 100 1
9.3 9.3 9.3 70 4.1 3.2 0.05 11.3 9.3 9.1 9.1 1030.2 0 0 0.006 0 26.4 36 10.1 25.7 6.96 1.1844 8.9 24 1 100 1
9.3 9.3 9.3 70 4.1 3.2 0.05 9.7 9.3 9.1 9.1 1030.3 0 0 0.006 0 26.4 36 10.1 25.7 6.96 1.1845 8.9 22 1 95.7 1
9.3 9.3 9.3 70 4.1 1.6 0.03 4.8 9.3 9.1 9.1 1030.3 0 0 0.006 0 26.4 36 10.1 25.7 6.96 1.1845 8.9 23 1 100 1
9.3 9.3 9.3 70 4.1 1.6 0.03 3.2 9.3 9.1 9.1 1030.3 0 0 0.006 0 26.4 36 10.1 25.7 6.96 1.1845 8.9 24 1 100 1
9.3 9.3 9.3 70 4.1 3.2 0.05 4.8 9.3 9.1 9.1 1030.3 0 0 0.006 0 26.4 36 10.1 25.7 6.96 1.1845 8.9 23 1 100 1
9.3 9.3 9.3 70 4.1 4.8 0.08 11.3 9 9.1 8.8 1030.3 0 0 0.006 0 26.4 36 10.1 25.7 6.96 1.1845 8.9 23 1 100 1
9.3 9.3 9.3 70 4.1 8 0.13 14.5 8.2 9.1 7.9 1030.3 0 0 0.006 0 26.4 36 10.1 25.7 6.96 1.1845 8.9 22 1 95.7 1
9.3 9.3 9.3 70 4.1 9.7 0.16 16.1 7.8 9.1 7.6 1030.3 0 0 0.006 0 26.4 36 10.1 25.7 6.96 1.1845 8.9 22 1 95.7 1
9.3 9.3 9.3 70 4.1 4.8 0.08 6.4 9.1 9.1 8.8 1030.3 0 0 0.006 0 26.4 36 10.1 25.7 6.96 1.1845 8.9 24 1 100 1
9.3 9.3 9.3 70 4.1 6.4 0.11 11.3 8.6 9.1 8.4 1030.3 0 0 0.006 0 26.4 36 10.1 25.7 6.96 1.1845 8.9 22 1 95.7 1
9.3 9.3 9.3 70 4.1 8 0.13 12.9 8.2 9.1 8 1030.3 0 0 0.006 0 26.4 36 10.1 25.7 6.96 1.1845 8.9 23 1 100 1
9.3 9.3 9.3 70 4.1 4.8 0.08 9.7 9.1 9.1 8.8 1030.3 0 0 0.006 0 26.4 36 10.1 25.7 6.96 1.1845 8.9 22 1 95.7 1
9.3 9.3 9.3 70 4.1 3.2 0.05 4.8 9.3 9.1 9.1 1030.3 0 0 0.006 0 26.4 36 10.1 25.7 6.96 1.1845 8.9 22 1 95.7 1
9.3 9.3 9.3 70 4.1 6.4 0.11 11.3 8.6 9.1 8.4 1030.3 0 0 0.006 0 26.4 36 10.1 25.7 6.96 1.1845 8.9 24 1 100 1
9.3 9.3 9.3 70 4.1 8 0.13 12.9 8.2 9.1 8 1030.3 0 0 0.006 0 26.4 36 10.1 25.7 6.96 1.1845 8.9 22 1 95.7 1
9.3 9.3 9.3 70 4.1 6.4 0.11 9.7 8.6 9.1 8.4 1030.3 0 0 0.006 0 26.4 36 10.1 25.7 6.96 1.1845 8.9 24 1 100 1
9.3 9.3 9.3 70 4.1 4.8 0.08 9.7 9.1 9.1 8.8 1030.3 0 0 0.006 0 26.4 36 10.1 25.7 6.96 1.1845 8.9 22 1 95.7 1
9.3 9.3 9.3 70 4.1 9.7 0.16 17.7 7.9 9.1 7.7 1030.3 0 0 0.006 0 26.4 36 10.1 25.7 6.96 1.1845 8.9 23 1 100 1
9.3 9.3 9.3 70 4.1 6.4 0.11 11.3 8.6 9.1 8.4 1030.2 0 0 0.006 0 26.4 36 10.1 25.7 6.96 1.1844 8.9 22 1 95.7 1
9.3 9.3 9.3 70 4.1 6.4 0.11 11.3 8.6 9.1 8.3 1030.3 0 0 0.006 0 26.4 36 10.1 25.7 6.96 1.1845 8.9 23 1 100 1
9.3 9.3 9.3 70 4.1 4.8 0.08 8 9 9.1 8.8 1030.2 0 0 0.006 0 26.4 36 10.1 25.7 6.96 1.1844 8.9 23 1 100 1
9.3 9.3 9.3 70 4.1 9.7 0.16 16.1 7.8 9.1 7.6 1030.3 0 0 0.006 0 26.4 36 10.1 25.7 6.96 1.1845 8.9 22 1 95.7 1
9.3 9.3 9.3 70 4.1 4.8 0.08 14.5 9 9.1 8.8 1030.3 0 0 0.006 0 26.4 36 10.1 25.7 6.96 1.1845 8.9 23 1 100 1
9.3 9.3 9.2 70 4.1 4.8 0.08 11.3 9 9.1 8.8 1030.3 0 0 0.006 0 26.4 36 10.1 25.7 6.96 1.1845 8.9 22 1 95.7 1
9.3 9.3 9.2 70 4.1 4.8 0.08 12.9 9 9.1 8.8 1030.3 0 0 0.006 0 26.4 36 10.1 25.7 6.96 1.1845 8.9 22 1 95.7 1
9.2 9.3 9.2 70 4 4.8 0.08 11.3 8.9 9 8.7 1030.3 0 0 0.006 0 26.4 36 10.1 25.7 6.96 1.1845 8.9 23 1 100 1
9.2 9.2 9.2 70 4 4.8 0.08 8 8.9 9 8.7 1030.3 0 0 0.006 0 26.4 36 10.1 25.7 6.96 1.1845 8.9 22 1 95.7 1
9.2 9.2 9.2 70 4 6.4 0.11 11.3 8.5 9 8.3 1030.3 0 0 0.006 0 26.4 36 10.1 25.7 6.96 1.1845 8.9 23 1 100 1
9.2 9.2 9.2 70 4 9.7 0.16 12.9 7.8 9 7.6 1030.3 0 0 0.006 0 26.4 36 10.1 25.7 6.96 1.1845 8.9 23 1 100 1
9.2 9.2 9.2 70 4 6.4 0.11 9.7 8.5 9 8.3 1030.4 0 0 0.006 0 26.4 36 10.1 25.7 6.96 1.1846 8.9 24 1 100 1
9.2 9.2 9.2 70 4 6.4 0.11 9.7 8.5 9 8.3 1030.3 0 0 0.006 0 26.4 36 10.1 25.7 6.96 1.1845 8.9 23 1 100 1
9.2 9.2 9.2 71 4.2 6.4 0.11 9.7 8.4 8.9 8.2 1030.4 0 0 0.006 0 26.4 36 10.1 25.7 6.96 1.1846 8.9 23 1 100 1
9.2 9.2 9.2 71 4.2 6.4 0.11 11.3 8.4 8.9 8.2 1030.3 0 0 0.006 0 26.4 36 10.1 25.7 6.96 1.1845 8.9 24 1 100 1
9.2 9.2 9.2 71 4.2 8 0.13 14.5 8.1 8.9 7.8 1030.3 0 0 0.006 0 26.4 36 10.1 25.7 6.96 1.1845 8.9 23 1 100 1
9.1 9.2 9.1 71 4.1 8 0.13 14.5 7.9 8.9 7.7 1030.3 0 0 0.006 0 26.4 36 10.1 25.7 6.96 1.1845 8.9 24 1 100 1
9.1 9.1 9.1 71 4.1 9.7 0.16 17.7 7.7 8.9 7.4 1030.3 0 0 0.006 0 26.4 36 10.1 25.7 6.96 1.1845 8.9 22 1 95.7 1
9.1 9.1 9.1 71 4.1 6.4 0.11 8 8.3 8.9 8.1 1030.3 0 0 0.006 0 26.4 36 10.1 25.7 6.96 1.1845 8.9 23 1 100 1
9.1 9.1 9.1 71 4.1 8 0.13 12.9 7.9 8.8 7.7 1030.3 0 0 0.006 0 26.4 36 10.1 25.7 6.96 1.1845 8.9 24 1 100 1
9.1 9.1 9.1 71 4.1 4.8 0.08 9.7 8.7 8.8 8.5 1030.3 0 0 0.006 0 26.4 36 10.1 25.7 6.96 1.1845 8.9 23 1 100 1
9.1 9.1 9.1 71 4.1 4.8 0.08 9.7 8.7 8.8 8.5 1030.2 0 0 0.006 0 26.4 36 10.1 25.7 6.96 1.1844 8.9 24 1 100 1
9.1 9.1 9.1 71 4.1 3.2 0.05 8 9.1 8.9 8.9 1030.2 0 0 0.006 0 26.4 36 10.1 25.7 6.96 1.1844 8.9 23 1 100 1
9.1 9.1 9.1 71 4.1 4.8 0.08 11.3 8.8 8.9 8.6 1030.2 0 0 0.006 0 26.4 36 10.1 25.7 6.96 1.1844 8.9 24 1 100 1
9.1 9.1 9.1 71 4.1 8 0.13 12.9 7.9 8.8 7.7 1030.3 0 0 0.006 0 26.4 36 10.1 25.7 6.96 1.1845 8.9 23 1 100 1
9.1 9.1 9.1 71 4.1 4.8 0.08 12.9 8.7 8.8 8.5 1030.2 0 0 0.006 0 26.4 36 10.1 25.7 6.96 1.1844 8.9 22 1 95.7 1
9.1 9.1 9.1 71 4.1 6.4 0.11 8 8.3 8.8 8.1 1030.2 0 0 0.006 0 26.4 36 10.1 25.7 6.96 1.1844 8.9 24 1 100 1
9.1 9.1 9.1 71 4.1 4.8 0.08 8 8.7 8.8 8.5 1030.2 0 0 0.006 0 26.4 36 10.1 25.7 6.96 1.1844 8.9 23 1 100 1
9.1 9.1 9.1 71 4.1 3.2 0.05 6.4 9.1 8.8 8.8 1030.2 0 0 0.006 0 26.4 36 10.1 25.7 6.96 1.1844 8.9 21 1 91.3 1
9.1 9.1 9.1 71 4.1 8 0.13 11.3 7.9 8.8 7.7 1030.3 0 0 0.006 0 26.4 36 10.1 25.7 6.96 1.1845 8.9 20 1 87 1
9.1 9.1 9.1 74 4.7 4.8 0.08 8 8.7 8.9 8.6 1030.3 0 0 0.006 0 26.4 36 10.1 25.7 6.96 1.1845 8.9 21 1 91.3 1
9.1 9.1 9.1 71 4.1 3.2 0.05 6.4 9.1 8.8 8.8 1030.3 0 0 0.006 0 26.4 36 10.1 25.7 6.96 1.1845 8.9 21 1 91.3 1
9.1 9.1 9.1 74 4.7 1.6 0.03 3.2 9.1 8.9 8.9 1030.2 0 0 0.006 0 26.4 36 10.1 25.7 6.96 1.1844 8.9 19 1 82.6 1
9.1 9.1 9.1 71 4.1 3.2 0.05 4.8 9.1 8.8 8.8 1030.3 0 0 0.006 0 26.4 36 10.1 25.7 6.96 1.1845 8.9 19 1 82.6 1
9.1 9.1 9.1 71 4.1 3.2 0.05 8 9.1 8.8 8.8 1030.3 0 0 0.006 0 26.4 36 10.1 25.7 6.96 1.1845 8.9 23 1 100 1
9.1 9.1 9.1 71 4.1 3.2 0.05 6.4 9.1 8.8 8.8 1030.3 0 0 0.006 0 26.4 36 10.1 25.7 6.96 1.1845 8.9 24 1 100 1
9.1 9.1 9.1 71 4.1 4.8 0.08 8 8.7 8.8 8.5 1030.3 0 0 0.006 0 26.4 36 10.1 25.7 6.96 1.1845 8.9 22 1 95.7 1
9.1 9.1 9.1 74 4.7 3.2 0.05 4.8 9.1 8.9 8.9 1030.3 0 0 0.006 0 26.4 36 10.1 25.7 6.96 1.1845 8.9 23 1 100 1
9.1 9.1 9.1 71 4.1 3.2 0.05 9.7 9.1 8.8 8.8 1030.3 0 0 0.006 0 26.4 36 10.1 25.7 6.96 1.1845 8.9 24 1 100 1
9.1 9.1 9.1 74 4.7 8 0.13 11.3 7.9 8.9 7.7 1030.4 0 0 0.006 0 26.4 35 9.7 25.7 6.86 1.185 8.3 22 1 95.7 1
9 9.1 9 71 4 8 0.13 12.9 7.8 8.8 7.6 1030.4 0 0 0.006 0 26.4 35 9.7 25.7 6.86 1.185 8.3 24 1 100 1
9 9 9 71 4 3.2 0.05 6.4 9 8.8 8.8 1030.3 0 0 0.006 0 26.4 35 9.7 25.7 6.86 1.1849 8.3 23 1 100 1
9 9 9 71 4 8 0.13 12.9 7.8 8.8 7.6 1030.3 0 0 0.006 0 26.4 35 9.7 25.7 6.86 1.1849 8.3 23 1 100 1
9 9 8.9 71 4 8 0.13 12.9 7.8 8.8 7.6 1030.4 0 0 0.006 0 26.4 35 9.7 25.7 6.86 1.185 8.3 22 1 95.7 1
8.9 8.9 8.9 71 4 3.2 0.05 8 8.9 8.7 8.7 1030.4 0 0 0.007 0 26.4 35 9.7 25.7 6.86 1.185 8.3 23 1 100 1
8.9 8.9 8.9 71 4 4.8 0.08 6.4 8.6 8.7 8.3 1030.4 0 0 0.007 0 26.4 35 9.7 25.7 6.86 1.185 8.3 24 1 100 1
8.9 8.9 8.9 71 3.9 4.8 0.08 11.3 8.6 8.6 8.3 1030.4 0 0 0.007 0 26.4 35 9.7 25.7 6.86 1.1851 8.3 22 1 95.7 1
8.9 8.9 8.9 71 3.9 8 0.13 9.7 7.7 8.6 7.4 1030.4 0 0 0.007 0 26.4 35 9.7 25.7 6.86 1.185 8.3 23 1 100 1
8.9 8.9 8.9 71 3.9 6.4 0.11 9.7 8.1 8.6 7.8 1030.4 0 0 0.007 0 26.4 35 9.7 25.7 6.86 1.185 8.3 24 1 100 1
8.8 8.8 8.8 71 3.9 4.8 0.08 6.4 8.5 8.6 8.2 1030.4 0 0 0.007 0 26.4 35 9.7 25.7 6.86 1.185 8.3 23 1 100 1
8.8 8.8 8.8 72 4.1 6.4 0.11 11.3 8.1 8.6 7.8 1030.4 0 0 0.007 0 26.4 35 9.7 25.7 6.86 1.1851 8.3 21 1 91.3 1
8.8 8.8 8.8 72 4.1 8 0.13 11.3 7.7 8.6 7.4 1030.4 0 0 0.007 0 26.4 35 9.7 25.7 6.86 1.1851 8.3 21 1 91.3 1
8.8 8.8 8.8 72 4 6.4 0.11 9.7 8 8.6 7.8 1030.4 0 0 0.007 0 26.4 35 9.7 25.7 6.86 1.185 8.3 22 1 95.7 1
8.8 8.8 8.8 72 4 11.3 0.19 14.5 7 8.6 6.8 1030.4 0 0 0.007 0 26.4 35 9.7 25.7 6.86 1.1851 8.3 20 1 87 1
8.8 8.8 8.7 72 4 4.8 0.08 8 8.4 8.6 8.2 1030.5 0 0 0.007 0 26.4 34 9.3 25.6 6.66 1.1855 8.3 22 1 95.7 1
8.8 8.8 8.7 72 4 6.4 0.11 9.7 8 8.6 7.8 1030.4 0 0 0.007 0 26.3 34 9.2 25.5 6.66 1.186 8.3 24 1 100 1
8.7 8.7 8.7 72 4 4.8 0.08 6.4 8.4 8.5 8.2 1030.5 0 0 0.007 0 26.3 35 9.6 25.6 6.86 1.1856 8.3 21 1 91.3 1
8.7 8.7 8.7 72 4 4.8 0.08 9.7 8.4 8.5 8.2 1030.4 0 0 0.007 0 26.3 35 9.6 25.6 6.86 1.1856 8.3 23 1 100 1
8.7 8.7 8.7 72 4 1.6 0.03 4.8 8.7 8.5 8.5 1030.4 0 0 0.007 0 26.3 35 9.6 25.6 6.86 1.1856 8.3 23 1 100 1
8.7 8.7 8.7 72 4 4.8 0.08 6.4 8.4 8.5 8.2 1030.4 0 0 0.007 0 26.3 34 9.2 25.5 6.66 1.186 8.3 22 1 95.7 1
8.7 8.7 8.7 72 4 3.2 0.05 4.8 8.7 8.5 8.5 1030.5 0 0 0.007 0 26.3 34 9.2 25.5 6.66 1.186 8.3 23 1 100 1
8.7 8.7 8.7 72 4 3.2 0.05 4.8 8.7 8.5 8.5 1030.4 0 0 0.007 0 26.3 34 9.2 25.5 6.66 1.186 8.3 23 1 100 1
8.7 8.7 8.7 72 4 3.2 0.05 6.4 8.7 8.5 8.5 1030.4 0 0 0.007 0 26.3 34 9.2 25.5 6.66 1.186 8.3 23 1 100 1
8.7 8.7 8.7 72 4 6.4 0.11 14.5 7.9 8.5 7.7 1030.4 0 0 0.007 0 26.3 34 9.2 25.5 6.66 1.186 8.3 23 1 100 1
8.7 8.7 8.7 72 4 6.4 0.11 12.9 7.9 8.5 7.7 1030.4 0 0 0.007 0 26.3 34 9.2 25.5 6.66 1.186 8.3 24 1 100 1
8.7 8.7 8.7 72 4 4.8 0.08 6.4 8.4 8.5 8.2 1030.4 0 0 0.007 0 26.3 34 9.2 25.5 6.66 1.1859 8.3 23 1 100 1
8.7 8.7 8.7 72 4 4.8 0.08 11.3 8.4 8.5 8.2 1030.5 0 0 0.007 0 26.3 34 9.2 25.5 6.66 1.186 8.3 23 1 100 1
8.7 8.7 8.7 72 4 6.4 0.11 11.3 7.9 8.5 7.7 1030.5 0 0 0.007 0 26.3 34 9.2 25.5 6.66 1.186 8.3 23 1 100 1
8.7 8.7 8.7 72 3.9 4.8 0.08 6.4 8.3 8.4 8.1 1030.5 0 0 0.007 0 26.3 34 9.2 25.5 6.66 1.186 8.3 22 1 95.7 1
8.7 8.7 8.7 72 3.9 8 0.13 11.3 7.4 8.4 7.2 1030.5 0 0 0.007 0 26.3 34 9.2 25.5 6.66 1.186 8.3 24 1 100 1
8.7 8.7 8.7 72 3.9 11.3 0.19 16.1 6.8 8.4 6.6 1030.5 0 0 0.007 0 26.3 34 9.2 25.5 6.66 1.1861 8.3 22 1 95.7 1
8.7 8.7 8.7 72 3.9 4.8 0.08 9.7 8.3 8.4 8.1 1030.5 0 0 0.007 0 26.3 34 9.2 25.5 6.66 1.186 8.3 23 1 100 1
8.7 8.7 8.7 72 3.9 8 0.13 14.5 7.4 8.4 7.2 1030.5 0 0 0.007 0 26.3 34 9.2 25.5 6.66 1.186 8.3 23 1 100 1
8.7 8.7 8.7 72 3.9 4.8 0.08 11.3 8.3 8.4 8.1 1030.4 0 0 0.007 0 26.3 34 9.2 25.5 6.66 1.186 8.3 22 1 95.7 1
8.7 8.7 8.7 72 3.9 4.8 0.08 9.7 8.3 8.4 8.1 1030.5 0 0 0.007 0 26.3 34 9.2 25.5 6.66 1.186 8.3 24 1 100 1
8.7 8.7 8.7 72 3.9 1.6 0.03 6.4 8.7 8.4 8.4 1030.4 0 0 0.007 0 26.3 34 9.2 25.5 6.66 1.186 8.3 23 1 100 1
8.7 8.7 8.7 73 4.1 4.8 0.08 8 8.3 8.4 8.1 1030.5 0 0 0.007 0 26.3 34 9.2 25.5 6.66 1.186 8.3 22 1 95.7 1
8.7 8.7 8.7 73 4.1 3.2 0.05 4.8 8.7 8.4 8.4 1030.5 0 0 0.007 0 26.3 34 9.2 25.5 6.66 1.186 8.3 21 1 91.3 1
8.7 8.7 8.7 73 4.1 3.2 0.05 4.8 8.7 8.4 8.4 1030.4 0 0 0.007 0 26.3 34 9.2 25.5 6.66 1.186 8.3 22 1 95.7 1
8.7 8.7 8.7 73 4.1 3.2 0.05 6.4 8.7 8.4 8.4 1030.5 0 0 0.007 0 26.3 34 9.2 25.5 6.66 1.186 8.3 24 1 100 1
8.7 8.7 8.7 73 4.1 4.8 0.08 8 8.4 8.5 8.2 1030.5 0 0 0.007 0 26.3 34 9.2 25.5 6.66 1.186 8.3 20 1 87 1
8.7 8.7 8.7 73 4.1 4.8 0.08 9.7 8.4 8.5 8.2 1030.5 0 0 0.007 0 26.3 34 9.2 25.5 6.66 1.1861 8.3 22 1 95.7 1
8.7 8.7 8.7 73 4.1 4.8 0.08 6.4 8.3 8.4 8.1 1030.5 0 0 0.007 0 26.3 34 9.2 25.5 6.66 1.186 8.3 24 1 100 1
8.7 8.7 8.7 73 4.1 4.8 0.08 9.7 8.3 8.4 8.1 1030.5 0 0 0.007 0 26.3 34 9.2 25.5 6.66 1.1861 8.3 22 1 95.7 1
8.7 8.7 8.7 73 4.1 4.8 0.08 8 8.3 8.4 8.1 1030.5 0 0 0.007 0 26.3 34 9.2 25.5 6.66 1.186 8.3 23 1 100 1
8.7 8.7 8.7 73 4.1 1.6 0.03 8 8.7 8.4 8.4 1030.5 0 0 0.007 0 26.3 34 9.2 25.5 6.66 1.1861 8.3 21 1 91.3 1
8.7 8.7 8.7 73 4.1 6.4 0.11 11.3 7.8 8.4 7.6 1030.5 0 0 0.007 0 26.3 35 9.6 25.6 6.86 1.1856 8.3 22 1 95.7 1
8.7 8.7 8.7 73 4.1 6.4 0.11 11.3 7.8 8.4 7.6 1030.4 0 0 0.007 0 26.3 35 9.6 25.6 6.86 1.1856 8.3 22 1 95.7 1
8.6 8.7 8.6 73 4 4.8 0.08 6.4 8.2 8.4 8 1030.5 0 0 0.007 0 26.3 35 9.6 25.6 6.86 1.1856 8.3 20 1 87 1
8.6 8.6 8.6 73 4 3.2 0.05 4.8 8.6 8.4 8.4 1030.5 0 0 0.007 0 26.3 35 9.6 25.6 6.86 1.1856 8.3 20 1 87 1
8.6 8.6 8.6 73 4 1.6 0.03 3.2 8.6 8.4 8.4 1030.4 0 0 0.007 0 26.3 35 9.6 25.6 6.86 1.1856 8.3 22 1 95.7 1
8.6 8.7 8.6 73 4 1.6 0.03 6.4 8.6 8.4 8.4 1030.4 0 0 0.007 0 26.3 35 9.6 25.6 6.86 1.1856 8.3 22 1 95.7 1
8.6 8.7 8.6 73 4 4.8 0.08 6.4 8.2 8.4 8 1030.5 0 0 0.007 0 26.3 35 9.6 25.6 6.86 1.1856 8.3 23 1 100 1
8.6 8.7 8.6 73 4 3.2 0.05 6.4 8.6 8.4 8.4 1030.5 0 0 0.007 0 26.3 35 9.6 25.6 6.86 1.1856 8.3 21 1 91.3 1
8.6 8.6 8.6 73 4 3.2 0.05 4.8 8.6 8.4 8.4 1030.5 0 0 0.007 0 26.3 35 9.6 25.6 6.86 1.1856 8.3 19 1 82.6 1
8.6 8.6 8.6 73 4 1.6 0.03 6.4 8.6 8.4 8.4 1030.4 0 0 0.007 0 26.3 35 9.6 25.6 6.86 1.1856 8.3 24 1 100 1
8.6 8.6 8.6 73 4 3.2 0.05 4.8 8.6 8.4 8.4 1030.5 0 0 0.007 0 26.3 35 9.6 25.6 6.86 1.1856 8.3 20 1 87 1
8.6 8.6 8.6 73 4 3.2 0.05 6.4 8.6 8.4 8.4 1030.5 0 0 0.007 0 26.3 35 9.6 25.6 6.86 1.1857 8.3 23 1 100 1
8.6 8.6 8.6 73 4 6.4 0.11 9.7 7.8 8.4 7.6 1030.5 0 0 0.007 0 26.3 35 9.6 25.6 6.86 1.1856 8.3 21 1 91.3 1
8.6 8.6 8.6 73 4 3.2 0.05 6.4 8.6 8.4 8.4 1030.4 0 0 0.007 0 26.3 35 9.6 25.6 6.86 1.1856 8.3 22 1 95.7 1
8.6 8.6 8.6 73 4 1.6 0.03 4.8 8.6 8.4 8.4 1030.4 0 0 0.007 0 26.3 35 9.6 25.6 6.86 1.1856 8.3 22 1 95.7 1
8.6 8.6 8.6 73 4 3.2 0.05 4.8 8.6 8.4 8.4 1030.4 0 0 0.007 0 26.3 35 9.6 25.6 6.86 1.1856 8.3 21 1 91.3 1
8.6 8.6 8.6 73 4 4.8 0.08 6.4 8.2 8.4 8 1030.4 0 0 0.007 0 26.3 35 9.6 25.6 6.86 1.1856 8.3 22 1 95.7 1
8.6 8.6 8.6 73 4 4.8 0.08 8 8.2 8.4 8 1030.5 0 0 0.007 0 26.3 35 9.6 25.6 6.86 1.1856 8.3 21 1 91.3 1
8.6 8.6 8.6 73 4 4.8 0.08 6.4 8.2 8.4 8 1030.5 0 0 0.007 0 26.4 35 9.7 25.7 6.86 1.1851 8.3 22 1 95.7 1
8.6 8.6 8.6 73 4 1.6 0.03 3.2 8.6 8.4 8.4 1030.4 0 0 0.007 0 26.3 35 9.6 25.6 6.86 1.1856 8.3 21 1 91.3 1
8.6 8.6 8.6 73 4 0 0 0 8.6 8.4 8.4 1030.5 0 0 0.007 0 26.3 35 9.6 25.6 6.86 1.1857 8.3 22 1 95.7 1
8.6 8.6 8.6 73 4 0 0 1.6 8.6 8.4 8.4 1030.5 0 0 0.007 0 26.4 35 9.7 25.7 6.86 1.1851 8.3 22 1 95.7 1
8.6 8.6 8.6 73 4 1.6 0.03 4.8 8.6 8.4 8.4 1030.5 0 0 0.007 0 26.4 35 9.7 25.7 6.86 1.1851 8.3 22 1 95.7 1
8.6 8.6 8.6 73 4 3.2 0.05 3.2 8.6 8.4 8.4 1030.5 0 0 0.007 0 26.4 35 9.7 25.7 6.86 1.1851 8.3 23 1 100 1
8.6 8.6 8.6 73 4 1.6 0.03 3.2 8.6 8.4 8.4 1030.5 0 0 0.007 0 26.4 35 9.7 25.7 6.86 1.1851 8.3 20 1 87 1
8.6 8.6 8.6 73 4 1.6 0.03 4.8 8.6 8.4 8.4 1030.5 0 0 0.007 0 26.3 35 9.6 25.6 6.86 1.1857 8.3 22 1 95.7 1
8.6 8.6 8.6 73 4 3.2 0.05 6.4 8.6 8.4 8.4 1030.5 0 0 0.007 0 26.3 35 9.6 25.6 6.86 1.1857 8.3 21 1 91.3 1
8.6 8.6 8.6 73 4 4.8 0.08 9.7 8.2 8.4 8 1030.6 0 0 0.007 0 26.3 35 9.6 25.6 6.86 1.1858 8.3 22 1 95.7 1
8.6 8.6 8.6 73 4 3.2 0.05 8 8.6 8.4 8.4 1030.5 0 0 0.007 0 26.3 35 9.6 25.6 6.86 1.1857 8.3 22 1 95.7 1
8.6 8.6 8.6 73 4 3.2 0.05 3.2 8.6 8.3 8.3 1030.6 0 0 0.007 0 26.3 35 9.6 25.6 6.86 1.1858 7.8 22 1 95.7 1
8.6 8.6 8.6 76 4.6 0 0 1.6 8.6 8.4 8.4 1030.5 0 0 0.007 0 26.3 35 9.6 25.6 6.86 1.1857 7.8 24 1 100 1
8.6 8.6 8.6 76 4.6 1.6 0.03 4.8 8.6 8.4 8.4 1030.6 0 0 0.007 0 26.3 35 9.6 25.6 6.86 1.1858 7.8 22 1 95.7 1
8.5 8.6 8.5 73 3.9 3.2 0.05 6.4 8.5 8.3 8.3 1030.6 0 0 0.007 0 26.3 35 9.6 25.6 6.86 1.1858 7.8 22 1 95.7 1
8.5 8.5 8.5 73 3.9 3.2 0.05 6.4 8.5 8.3 8.3 1030.5 0 0 0.007 0 26.3 35 9.6 25.6 6.86 1.1857 7.8 23 1 100 1
8.5 8.5 8.5 73 3.9 1.6 0.03 3.2 8.5 8.3 8.3 1030.5 0 0 0.007 0 26.3 35 9.6 25.6 6.86 1.1857 7.8 23 1 100 1
8.5 8.5 8.5 73 3.9 1.6 0.03 4.8 8.5 8.3 8.3 1030.6 0 0 0.007 0 26.3 35 9.6 25.6 6.86 1.1858 7.8 23 1 100 1
8.5 8.5 8.5 73 3.9 1.6 0.03 3.2 8.5 8.3 8.3 1030.5 0 0 0.007 0 26.3 35 9.6 25.6 6.86 1.1857 7.8 23 1 100 1
8.5 8.5 8.5 73 3.9 0 0 3.2 8.5 8.3 8.3 1030.6 0 0 0.007 0 26.3 35 9.6 25.6 6.86 1.1858 7.8 23 1 100 1
8.5 8.5 8.4 73 3.9 3.2 0.05 4.8 8.5 8.3 8.3 1030.6 0 0 0.007 0 26.3 35 9.6 25.6 6.86 1.1858 7.8 21 1 91.3 1
8.4 8.4 8.4 73 3.9 3.2 0.05 4.8 8.4 8.2 8.2 1030.6 0 0 0.007 0 26.3 35 9.6 25.6 6.86 1.1858 7.8 21 1 91.3 1
8.4 8.4 8.4 73 3.9 1.6 0.03 4.8 8.4 8.2 8.2 1030.6 0 0 0.007 0 26.3 35 9.6 25.6 6.86 1.1858 7.8 23 1 100 1
8.4 8.4 8.4 73 3.8 4.8 0.08 6.4 8 8.2 7.8 1030.6 0 0 0.007 0 26.3 35 9.6 25.6 6.86 1.1858 7.8 22 1 95.7 1
8.4 8.4 8.4 73 3.8 3.2 0.05 6.4 8.4 8.2 8.2 1030.6 0 0 0.007 0 26.3 35 9.6 25.6 6.86 1.1858 7.8 23 1 100 1
8.4 8.4 8.4 73 3.8 4.8 0.08 8 8 8.2 7.8 1030.7 0 0 0.007 0 26.3 35 9.6 25.6 6.86 1.1858 7.8 22 1 95.7 1
8.4 8.4 8.4 74 4 3.2 0.05 4.8 8.4 8.2 8.2 1030.7 0 0 0.007 0 26.3 35 9.6 25.6 6.86 1.1859 7.8 22 1 95.7 1
8.3 8.4 8.3 74 4 3.2 0.05 8 8.3 8.2 8.2 1030.7 0 0 0.007 0 26.3 35 9.6 25.6 6.86 1.1858 7.8 24 1 100 1
8.3 8.4 8.3 74 4 1.6 0.03 3.2 8.3 8.2 8.2 1030.7 0 0 0.007 0 26.3 35 9.6 25.6 6.86 1.1859 7.8 21 1 91.3 1
8.3 8.3 8.3 74 4 0 0 1.6 8.3 8.2 8.2 1030.7 0 0 0.007 0 26.3 35 9.6 25.6 6.86 1.1859 7.8 23 1 100 1
8.3 8.3 8.3 74 4 1.6 0.03 1.6 8.3 8.2 8.2 1030.8 0 0 0.007 0 26.3 35 9.6 25.6 6.86 1.1859 7.8 23 1 100 1
8.3 8.4 8.3 74 4 0 0 1.6 8.3 8.2 8.2 1030.7 0 0 0.007 0 26.3 35 9.6 25.6 6.86 1.1859 7.8 22 1 95.7 1
8.3 8.4 8.3 74 4 0 0 0 8.3 8.2 8.2 1030.8 0 0 0.007 0 26.3 35 9.6 25.6 6.86 1.1859 7.8 23 1 100 1
8.3 8.3 8.3 74 4 0 0 0 8.3 8.2 8.2 1030.8 0 0 0.007 0 26.3 35 9.6 25.6 6.86 1.1859 7.8 22 1 95.7 1
8.3 8.3 8.3 74 4 0 0 0 8.3 8.2 8.2 1030.8 0 0 0.007 0 26.3 35 9.6 25.6 6.86 1.186 7.8 24 1 100 1
8.3 8.4 8.3 74 4 0 0 0 8.3 8.2 8.2 1030.8 0 0 0.007 0 26.3 35 9.6 25.6 6.86 1.186 7.8 22 1 95.7 1
8.4 8.4 8.3 74 4 0 0 0 8.4 8.2 8.2 1030.8 0 0 0.007 0 26.3 35 9.6 25.6 6.86 1.186 7.8 22 1 95.7 1
8.4 8.4 8.4 74 4 0 0 0 8.4 8.2 8.2 1030.8 0 0 0.007 0 26.3 35 9.6 25.6 6.86 1.186 7.8 23 1 100 1
8.4 8.4 8.4 74 4 0 0 0 8.4 8.2 8.2 1030.8 0 0 0.007 0 26.3 35 9.6 25.6 6.86 1.186 7.8 22 1 95.7 1
8.4 8.4 8.4 74 4 0 0 0 8.4 8.2 8.2 1030.8 0 0 0.007 0 26.3 35 9.6 25.6 6.86 1.186 7.8 24 1 100 1
8.4 8.4 8.4 74 4 1.6 0.03 6.4 8.4 8.2 8.2 1030.8 0 0 0.007 0 26.3 35 9.6 25.6 6.86 1.186 7.8 21 1 91.3 1
8.4 8.4 8.4 74 4 1.6 0.03 3.2 8.4 8.2 8.2 1030.8 0 0 0.007 0 26.3 35 9.6 25.6 6.86 1.186 7.8 23 1 100 1
8.4 8.4 8.4 74 4 1.6 0.03 3.2 8.4 8.2 8.2 1030.8 0 0 0.007 0 26.3 35 9.6 25.6 6.86 1.186 7.8 21 1 91.3 1
8.4 8.4 8.4 74 4 1.6 0.03 1.6 8.4 8.2 8.2 1030.8 0 0 0.007 0 26.3 35 9.6 25.6 6.86 1.186 7.8 22 1 95.7 1
8.4 8.4 8.4 74 4 0 0 0 8.4 8.2 8.2 1030.8 0 0 0.007 0 26.3 35 9.6 25.6 6.86 1.186 7.8 21 1 91.3 1
8.3 8.4 8.3 74 4 0 0 0 8.3 8.2 8.2 1030.8 0 0 0.007 0 26.3 35 9.6 25.6 6.86 1.1859 7.8 22 1 95.7 1
8.4 8.4 8.3 74 4 0 0 0 8.4 8.2 8.2 1030.8 0 0 0.007 0 26.3 35 9.6 25.6 6.86 1.1859 7.8 24 1 100 1
8.4 8.4 8.3 74 4 0 0 1.6 8.4 8.2 8.2 1030.8 0 0 0.007 0 26.3 35 9.6 25.6 6.86 1.1859 7.8 22 1 95.7 1
8.4 8.4 8.3 74 4 1.6 0.03 4.8 8.4 8.2 8.2 1030.8 0 0 0.007 0 26.3 35 9.6 25.6 6.86 1.1859 7.8 24 1 100 1
8.3 8.3 8.3 74 4 1.6 0.03 4.8 8.3 8.2 8.2 1030.8 0 0 0.007 0 26.3 35 9.6 25.6 6.86 1.1859 7.8 21 1 91.3 1
8.3 8.3 8.3 74 4 1.6 0.03 4.8 8.3 8.2 8.2 1030.8 0 0 0.007 0 26.3 35 9.6 25.6 6.86 1.1859 7.8 23 1 100 1
8.3 8.3 8.3 74 4 3.2 0.05 4.8 8.3 8.2 8.2 1030.8 0 0 0.007 0 26.3 35 9.6 25.6 6.86 1.1859 7.8 23 1 100 1
8.3 8.3 8.3 74 3.9 1.6 0.03 3.2 8.3 8.1 8.1 1030.7 0 0 0.007 0 26.3 35 9.6 25.6 6.86 1.1859 7.8 23 1 100 1
8.3 8.3 8.3 74 3.9 0 0 1.6 8.3 8.1 8.1 1030.8 0 0 0.007 0 26.3 35 9.6 25.6 6.86 1.1859 7.8 22 1 95.7 1
8.3 8.3 8.3 74 3.9 0 0 1.6 8.3 8.1 8.1 1030.6 0 0 0.007 0 26.3 35 9.6 25.6 6.86 1.1858 7.8 22 1 95.7 1
8.3 8.3 8.3 74 3.9 3.2 0.05 4.8 8.3 8.1 8.1 1030.7 0 0 0.007 0 26.3 35 9.6 25.6 6.86 1.1859 7.8 22 1 95.7 1
8.2 8.3 8.2 74 3.9 1.6 0.03 4.8 8.2 8 8 1030.7 0 0 0.007 0 26.3 35 9.6 25.6 6.86 1.1859 7.8 22 1 95.7 1
8.2 8.2 8.2 74 3.9 1.6 0.03 3.2 8.2 8 8 1030.7 0 0 0.007 0 26.3 35 9.6 25.6 6.86 1.1859 7.8 23 1 100 1
8.2 8.2 8.2 74 3.9 0 0 0 8.2 8 8 1030.7 0 0 0.007 0 26.3 35 9.6 25.6 6.86 1.1859 7.8 23 1 100 1
8.2 8.2 8.2 74 3.9 1.6 0.03 3.2 8.2 8 8 1030.7 0 0 0.007 0 26.4 35 9.7 25.7 6.86 1.1853 7.8 22 1 95.7 1
8.2 8.2 8.2 74 3.9 3.2 0.05 4.8 8.2 8 8 1030.7 0 0 0.007 0 26.4 35 9.7 25.7 6.86 1.1853 7.8 23 1 100 1
8.2 8.2 8.2 74 3.9 0 0 1.6 8.2 8 8 1030.7 0 0 0.007 0 26.3 35 9.6 25.6 6.86 1.1859 7.8 23 1 100 1
8.2 8.2 8.2 75 4.1 0 0 1.6 8.2 8.1 8.1 1030.7 0 0 0.007 0 26.3 35 9.6 25.6 6.86 1.1859 7.8 21 1 91.3 1
8.2 8.2 8.2 74 3.9 0 0 0 8.2 8 8 1030.7 0 0 0.007 0 26.4 35 9.7 25.7 6.86 1.1853 7.8 23 1 100 1
8.2 8.2 8.2 74 3.9 0 0 3.2 8.2 8 8 1030.8 0 0 0.007 0 26.4 35 9.7 25.7 6.86 1.1854 7.8 23 1 100 1
8.2 8.2 8.2 75 4.1 3.2 0.05 4.8 8.2 8.1 8.1 1030.7 0 0 0.007 0 26.4 35 9.7 25.7 6.86 1.1854 7.8 23 1 100 1
8.2 8.2 8.2 75 4.1 3.2 0.05 4.8 8.2 8.1 8.1 1030.7 0 0 0.007 0 26.4 35 9.7 25.7 6.86 1.1854 7.8 23 1 100 1
8.2 8.2 8.2 75 4.1 3.2 0.05 6.4 8.2 8.1 8.1 1030.7 0 0 0.007 0 26.4 35 9.7 25.7 6.86 1.1854 7.8 21 1 91.3 1
8.2 8.2 8.2 75 4.1 4.8 0.08 8 7.8 8.1 7.7 1030.7 0 0 0.007 0 26.4 35 9.7 25.7 6.86 1.1854 7.8 23 1 100 1
8.2 8.2 8.2 75 4 4.8 0.08 6.4 7.8 8 7.6 1030.7 0 0 0.007 0 26.4 35 9.7 25.7 6.86 1.1854 7.8 22 1 95.7 1
8.2 8.2 8.2 75 4.1 4.8 0.08 4.8 7.8 8.1 7.7 1030.7 0 0 0.007 0 26.4 35 9.7 25.7 6.86 1.1854 7.8 24 1 100 1
8.2 8.2 8.2 75 4 1.6 0.03 3.2 8.2 8 8 1030.7 0 0 0.007 0 26.4 35 9.7 25.7 6.86 1.1854 7.8 21 1 91.3 1
8.2 8.2 8.2 75 4 1.6 0.03 4.8 8.2 8 8 1030.7 0 0 0.007 0 26.4 35 9.7 25.7 6.86 1.1854 7.8 23 1 100 1
8.2 8.2 8.2 75 4.1 3.2 0.05 6.4 8.2 8.1 8.1 1030.7 0 0 0.007 0 26.4 35 9.7 25.7 6.86 1.1853 7.8 23 1 100 1
8.2 8.2 8.2 75 4 1.6 0.03 3.2 8.2 8 8 1030.8 0 0 0.007 0 26.4 35 9.7 25.7 6.86 1.1854 7.8 21 1 91.3 1
8.2 8.2 8.2 75 4 0 0 1.6 8.2 8 8 1030.8 0 0 0.007 0 26.4 35 9.7 25.7 6.86 1.1854 7.8 24 1 100 1
8.2 8.2 8.2 75 4 0 0 3.2 8.2 8 8 1030.8 0 0 0.007 0 26.4 35 9.7 25.7 6.86 1.1854 7.8 22 1 95.7 1
8.2 8.2 8.2 75 4 0 0 1.6 8.2 8 8 1030.7 0 0 0.007 0 26.4 35 9.7 25.7 6.86 1.1854 7.8 24 1 100 1
8.2 8.2 8.2 75 4 1.6 0.03 6.4 8.2 8 8 1030.7 0 0 0.007 0 26.4 35 9.7 25.7 6.86 1.1854 7.8 22 1 95.7 1
8.2 8.2 8.2 75 4 4.8 0.08 4.8 7.8 8 7.6 1030.7 0 0 0.007 0 26.4 35 9.7 25.7 6.86 1.1854 7.8 23 1 100 1
8.2 8.2 8.2 75 4 6.4 0.11 8 7.2 8 7.1 1030.7 0 0 0.007 0 26.4 35 9.7 25.7 6.86 1.1854 7.8 22 1 95.7 1
8.2 8.2 8.1 75 4 3.2 0.05 6.4 8.2 8 8 1030.7 0 0 0.007 0 26.4 35 9.7 25.7 6.86 1.1854 7.8 22 1 95.7 1
8.1 8.2 8.1 75 3.9 1.6 0.03 4.8 8.1 7.9 7.9 1030.8 0 0 0.007 0 26.4 35 9.7 25.7 6.86 1.1854 7.8 24 1 100 1
8.1 8.2 8.1 75 3.9 3.2 0.05 4.8 8.1 7.9 7.9 1030.8 0 0 0.007 0 26.4 35 9.7 25.7 6.86 1.1854 7.8 22 1 95.7 1
8.2 8.2 8.1 75 4 3.2 0.05 4.8 8.2 8 8 1030.7 0 0 0.007 0 26.4 35 9.7 25.7 6.86 1.1854 7.8 23 1 100 1
8.2 8.2 8.1 75 4 0 0 1.6 8.2 8 8 1030.7 0 0 0.007 0 26.4 35 9.7 25.7 6.86 1.1854 7.8 23 1 100 1
8.2 8.2 8.2 75 4 1.6 0.03 4.8 8.2 8 8 1030.7 0 0 0.007 0 26.4 35 9.7 25.7 6.86 1.1853 7.8 23 1 100 1
8.2 8.2 8.2 75 4 0 0 0 8.2 8 8 1030.8 0 0 0.007 0 26.4 35 9.7 25.7 6.86 1.1854 7.8 23 1 100 1
8.2 8.2 8.2 75 4 4.8 0.08 9.7 7.8 8 7.6 1030.8 0 0 0.007 0 26.4 35 9.7 25.7 6.86 1.1854 7.8 22 1 95.7 1
8.1 8.2 8.1 75 3.9 4.8 0.08 6.4 7.7 7.9 7.6 1030.7 0 0 0.007 0 26.4 35 9.7 25.7 6.86 1.1854 7.8 23 1 100 1
8.1 8.2 8.1 75 3.9 4.8 0.08 6.4 7.7 7.9 7.6 1030.8 0 0 0.007 0 26.4 35 9.7 25.7 6.86 1.1855 7.8 22 1 95.7 1
8.1 8.1 8.1 75 3.9 3.2 0.05 4.8 8.1 7.9 7.9 1030.8 0 0 0.007 0 26.4 35 9.7 25.7 6.86 1.1855 7.8 23 1 100 1
8.1 8.1 8.1 75 3.9 3.2 0.05 3.2 8.1 7.9 7.9 1030.8 0 0 0.007 0 26.4 35 9.7 25.7 6.86 1.1855 7.8 23 1 100 1
8.1 8.1 8.1 75 3.9 1.6 0.03 3.2 8.1 7.9 7.9 1030.8 0 0 0.007 0 26.4 35 9.7 25.7 6.86 1.1855 7.8 23 1 100 1
8.1 8.1 8.1 75 3.9 0 0 1.6 8.1 7.9 7.9 1030.8 0 0 0.007 0 26.4 35 9.7 25.7 6.86 1.1854 7.8 21 1 91.3 1
8.1 8.1 8.1 75 3.9 0 0 0 8.1 7.9 7.9 1030.8 0 0 0.007 0 26.4 35 9.7 25.7 6.86 1.1855 7.8 23 1 100 1
8.1 8.1 8.1 75 3.9 1.6 0.03 4.8 8.1 7.9 7.9 1030.9 0 0 0.007 0 26.4 35 9.7 25.7 6.86 1.1855 7.8 22 1 95.7 1
8.1 8.1 8.1 75 3.9 4.8 0.08 6.4 7.7 7.9 7.6 1030.9 0 0 0.007 0 26.4 35 9.7 25.7 6.86 1.1855 7.8 23 1 100 1
8.1 8.2 8.1 75 3.9 3.2 0.05 6.4 8.1 7.9 7.9 1030.8 0 0 0.007 0 26.4 35 9.7 25.7 6.86 1.1855 7.8 22 1 95.7 1
8.1 8.1 8.1 75 3.9 3.2 0.05 4.8 8.1 7.9 7.9 1030.8 0 0 0.007 0 26.4 35 9.7 25.7 6.86 1.1855 7.8 23 1 100 1
8.1 8.1 8.1 75 3.9 4.8 0.08 6.4 7.7 7.9 7.6 1030.9 0 0 0.007 0 26.4 35 9.7 25.7 6.86 1.1856 7.8 20 1 87 1
8.1 8.1 8.1 75 3.9 3.2 0.05 6.4 8.1 7.9 7.9 1030.9 0 0 0.007 0 26.4 35 9.7 25.7 6.86 1.1856 7.8 21 1 91.3 1
8.1 8.1 8.1 75 3.9 3.2 0.05 6.4 8.1 7.9 7.9 1030.9 0 0 0.007 0 26.4 35 9.7 25.7 6.86 1.1856 7.8 23 1 100 1
8.1 8.1 8.1 75 3.9 3.2 0.05 4.8 8.1 7.9 7.9 1030.9 0 0 0.007 0 26.4 35 9.7 25.7 6.86 1.1856 7.8 21 1 91.3 1
8.1 8.1 8.1 75 3.9 0 0 3.2 8.1 7.9 7.9 1030.9 0 0 0.007 0 26.4 35 9.7 25.7 6.86 1.1856 7.8 23 1 100 1
8.1 8.1 8.1 75 3.9 0 0 4.8 8.1 7.9 7.9 1030.9 0 0 0.007 0 26.4 35 9.7 25.7 6.86 1.1856 7.8 22 1 95.7 1
8.1 8.1 8.1 75 3.9 1.6 0.03 3.2 8.1 7.9 7.9 1030.9 0 0 0.007 0 26.4 35 9.7 25.7 6.86 1.1856 7.8 23 1 100 1
8.1 8.1 8.1 75 3.9 0 0 1.6 8.1 7.9 7.9 1030.9 0 0 0.007 0 26.4 35 9.7 25.7 6.86 1.1856 7.8 22 1 95.7 1
8.1 8.1 8.1 75 3.9 1.6 0.03 4.8 8.1 7.9 7.9 1030.9 0 0 0.007 0 26.4 35 9.7 25.7 6.86 1.1856 7.8 23 1 100 1
8.1 8.1 8.1 75 3.9 3.2 0.05 4.8 8.1 7.9 7.9 1030.9 0 0 0.007 0 26.4 35 9.7 25.7 6.86 1.1856 7.8 23 1 100 1
8.1 8.1 8.1 75 3.9 3.2 0.05 4.8 8.1 7.9 7.9 1030.9 0 0 0.007 0 26.4 35 9.7 25.7 6.86 1.1856 7.8 23 1 100 1
8.1 8.1 8.1 75 3.9 4.8 0.08 6.4 7.7 7.9 7.6 1030.9 0 0 0.007 0 26.4 35 9.7 25.7 6.86 1.1856 7.8 23 1 100 1
8.1 8.1 8.1 75 3.9 3.2 0.05 6.4 8.1 7.9 7.9 1030.9 0 0 0.007 0 26.4 35 9.7 25.7 6.86 1.1856 7.8 22 1 95.7 1
8.1 8.1 8.1 75 3.9 3.2 0.05 6.4 8.1 7.9 7.9 1030.9 0 0 0.007 0 26.4 35 9.7 25.7 6.86 1.1856 7.8 23 1 100 1
8.1 8.1 8.1 75 3.9 1.6 0.03 3.2 8.1 7.9 7.9 1030.9 0 0 0.007 0 26.4 34 9.3 25.6 6.66 1.186 7.8 21 1 91.3 1
8.1 8.1 8.1 75 3.9 0 0 0 8.1 7.9 7.9 1030.8 0 0 0.007 0 26.4 34 9.3 25.6 6.66 1.1859 7.8 21 1 91.3 1
8.1 8.1 8.1 75 3.9 0 0 1.6 8.1 7.9 7.9 1030.9 0 0 0.007 0 26.3 34 9.2 25.5 6.66 1.1865 7.8 23 1 100 1
8.1 8.1 8.1 75 3.9 1.6 0.03 3.2 8.1 7.9 7.9 1030.9 0 0 0.007 0 26.3 34 9.2 25.5 6.66 1.1865 7.8 23 1 100 1
8.1 8.1 8.1 75 3.9 3.2 0.05 4.8 8.1 7.9 7.9 1030.9 0 0 0.007 0 26.3 34 9.2 25.5 6.66 1.1865 7.8 23 1 100 1
8.1 8.1 8.1 75 3.9 1.6 0.03 4.8 8.1 7.9 7.9 1030.9 0 0 0.007 0 26.3 34 9.2 25.5 6.66 1.1865 7.8 22 1 95.7 1
8.1 8.1 8.1 75 3.9 0 0 1.6 8.1 7.9 7.9 1030.9 0 0 0.007 0 26.3 34 9.2 25.5 6.66 1.1865 7.8 21 1 91.3 1
8.1 8.1 8.1 75 3.9 0 0 0 8.1 7.9 7.9 1030.9 0 0 0.007 0 26.3 34 9.2 25.5 6.66 1.1865 7.8 24 1 100 1
8.1 8.1 8.1 75 3.9 1.6 0.03 3.2 8.1 7.9 7.9 1031 0 0 0.007 0 26.3 34 9.2 25.5 6.66 1.1866 7.8 22 1 95.7 1
8.1 8.1 8.1 75 3.9 1.6 0.03 3.2 8.1 7.9 7.9 1031 0 0 0.007 0 26.3 34 9.2 25.5 6.66 1.1866 7.8 23 1 100 1
8.1 8.1 8.1 75 3.9 0 0 0 8.1 7.9 7.9 1031 0 0 0.007 0 26.3 34 9.2 25.5 6.66 1.1866 7.8 21 1 91.3 1
8.1 8.1 8.1 75 3.9 0 0 0 8.1 7.9 7.9 1031 0 0 0.007 0 26.3 34 9.2 25.5 6.66 1.1866 7.8 22 1 95.7 1
8.1 8.1 8.1 75 3.9 0 0 0 8.1 7.9 7.9 1031 0 0 0.007 0 26.3 34 9.2 25.5 6.66 1.1866 7.8 23 1 100 1
8.1 8.1 8.1 75 3.9 0 0 0 8.1 7.9 7.9 1031 0 0 0.007 0 26.3 34 9.2 25.5 6.66 1.1866 7.8 23 1 100 1
8.1 8.1 8.1 75 3.9 1.6 0.03 3.2 8.1 7.9 7.9 1031 0 0 0.007 0 26.3 34 9.2 25.5 6.66 1.1866 7.8 23 1 100 1
8.1 8.1 8.1 75 3.9 3.2 0.05 3.2 8.1 7.9 7.9 1031 0 0 0.007 0 26.3 34 9.2 25.5 6.66 1.1866 7.8 23 1 100 1
8.1 8.2 8.1 75 3.9 3.2 0.05 4.8 8.1 7.9 7.9 1031 0 0 0.007 0 26.3 34 9.2 25.5 6.66 1.1866 7.8 24 1 100 1
8.1 8.1 8.1 75 3.9 3.2 0.05 4.8 8.1 7.9 7.9 1031 0 0 0.007 0 26.3 34 9.2 25.5 6.66 1.1866 7.8 23 1 100 1
8.1 8.1 8.1 75 3.9 0 0 1.6 8.1 7.9 7.9 1031 0 0 0.007 0 26.3 34 9.2 25.5 6.66 1.1866 7.8 23 1 100 1
8.2 8.2 8.1 75 4 3.2 0.05 4.8 8.2 8 8 1031 0 0 0.007 0 26.3 34 9.2 25.5 6.66 1.1866 7.8 23 1 100 1
8.2 8.2 8.2 75 4 3.2 0.05 4.8 8.2 8 8 1031 0 0 0.007 0 26.3 34 9.2 25.5 6.66 1.1866 7.8 23 1 100 1
8.2 8.2 8.2 75 4 3.2 0.05 4.8 8.2 8 8 1030.9 0 0 0.007 0 26.3 34 9.2 25.5 6.66 1.1865 7.8 23 1 100 1
8.2 8.2 8.2 75 4 1.6 0.03 4.8 8.2 8 8 1030.9 0 0 0.007 0 26.3 34 9.2 25.5 6.66 1.1865 7.8 22 1 95.7 1
8.2 8.2 8.2 75 4 0 0 0 8.2 8 8 1030.9 0 0 0.007 0 26.3 34 9.2 25.5 6.66 1.1865 7.8 23 1 100 1
8.2 8.2 8.2 75 4 1.6 0.03 3.2 8.2 8 8 1030.9 0 0 0.007 0 26.3 34 9.2 25.5 6.66 1.1865 7.8 24 1 100 1
8.2 8.2 8.2 75 4 3.2 0.05 4.8 8.2 8 8 1030.9 0 0 0.007 0 26.3 34 9.2 25.5 6.66 1.1865 7.8 22 1 95.7 1
8.1 8.2 8.1 75 3.9 3.2 0.05 4.8 8.1 7.9 7.9 1030.9 0 0 0.007 0 26.3 34 9.2 25.5 6.66 1.1865 7.8 23 1 100 1
8.1 8.1 8.1 75 3.9 1.6 0.03 3.2 8.1 7.9 7.9 1031 0 0 0.007 0 26.3 34 9.2 25.5 6.66 1.1866 7.8 23 1 100 1
8.1 8.1 8.1 75 3.9 3.2 0.05 4.8 8.1 7.9 7.9 1030.9 0 0 0.007 0 26.3 34 9.2 25.5 6.66 1.1865 7.8 23 1 100 1
8.1 8.1 8.1 75 3.9 0 0 1.6 8.1 7.9 7.9 1030.9 0 0 0.007 0 26.3 34 9.2 25.5 6.66 1.1865 7.8 23 1 100 1
8.1 8.1 8.1 76 4.1 0 0 0 8.1 7.9 7.9 1030.9 0 0 0.007 0 26.3 34 9.2 25.5 6.66 1.1865 7.8 23 1 100 1
8.1 8.1 8.1 76 4.1 0 0 0 8.1 7.9 7.9 1031 0 0 0.007 0 26.3 34 9.2 25.5 6.66 1.1866 7.8 24 1 100 1
8.1 8.1 8.1 76 4.1 0 0 0 8.1 7.9 7.9 1031 0 0 0.007 0 26.3 34 9.2 25.5 6.66 1.1866 7.8 23 1 100 1
8.1 8.1 8.1 76 4.1 0 0 0 8.1 7.9 7.9 1031 0 0 0.007 0 26.3 34 9.2 25.5 6.66 1.1866 7.8 24 1 100 1
8.1 8.1 8.1 76 4.1 0 0 0 8.1 7.9 7.9 1031 0 0 0.007 0 26.3 34 9.2 25.5 6.66 1.1866 7.8 23 1 100 1
8.1 8.1 8.1 76 4.1 0 0 0 8.1 7.9 7.9 1031 0 0 0.007 0 26.3 34 9.2 25.5 6.66 1.1866 7.8 23 1 100 1
8.1 8.1 8.1 76 4.1 0 0 0 8.1 7.9 7.9 1031 0 0 0.007 0 26.3 34 9.2 25.5 6.66 1.1866 7.8 23 1 100 1
8.1 8.1 8.1 76 4.1 0 0 0 8.1 7.9 7.9 1031 0 0 0.007 0 26.3 34 9.2 25.5 6.66 1.1866 7.8 22 1 95.7 1
8.1 8.1 8.1 76 4.1 0 0 0 8.1 7.9 7.9 1031 0 0 0.007 0 26.3 34 9.2 25.5 6.66 1.1866 7.8 24 1 100 1
8.1 8.1 8.1 76 4.1 0 0 0 8.1 7.9 7.9 1030.9 0 0 0.007 0 26.3 34 9.2 25.5 6.66 1.1865 7.8 22 1 95.7 1
8.1 8.1 8.1 76 4.1 0 0 1.6 8.1 7.9 7.9 1030.9 0 0 0.007 0 26.3 34 9.2 25.5 6.66 1.1865 7.8 24 1 100 1
8.1 8.1 8.1 76 4.1 0 0 0 8.1 7.9 7.9 1030.9 0 0 0.007 0 26.3 34 9.2 25.5 6.66 1.1865 7.8 22 1 95.7 1
8.1 8.1 8.1 76 4.1 1.6 0.03 3.2 8.1 7.9 7.9 1030.9 0 0 0.007 0 26.3 34 9.2 25.5 6.66 1.1865 7.8 23 1 100 1
8.1 8.1 8.1 76 4.1 0 0 1.6 8.1 7.9 7.9 1030.9 0 0 0.007 0 26.3 34 9.2 25.5 6.66 1.1865 7.8 24 1 100 1
8.1 8.1 8.1 76 4.1 0 0 0 8.1 7.9 7.9 1030.9 0 0 0.007 0 26.3 34 9.2 25.5 6.66 1.1865 7.8 23 1 100 1
8.1 8.1 8.1 76 4.1 0 0 3.2 8.1 7.9 7.9 1030.9 0 0 0.007 0 26.3 34 9.2 25.5 6.66 1.1865 7.8 23 1 100 1
8.1 8.1 8.1 76 4.1 0 0 0 8.1 7.9 7.9 1030.9 0 0 0.007 0 26.3 34 9.2 25.5 6.66 1.1865 7.8 23 1 100 1
8.1 8.1 8.1 76 4.1 0 0 0 8.1 7.9 7.9 1030.9 0 0 0.007 0 26.3 34 9.2 25.5 6.66 1.1865 7.8 21 1 91.3 1
8.1 8.1 8.1 76 4.1 0 0 0 8.1 7.9 7.9 1030.9 0 0 0.007 0 26.3 34 9.2 25.5 6.66 1.1865 7.8 24 1 100 1
8.1 8.1 8.1 75 3.9 0 0 0 8.1 7.9 7.9 1030.8 0 0 0.007 0 26.3 34 9.2 25.5 6.66 1.1864 7.8 22 1 95.7 1
8.1 8.1 8.1 76 4.1 0 0 0 8.1 7.9 7.9 1030.9 0 0 0.007 0 26.3 34 9.2 25.5 6.66 1.1865 7.8 23 1 100 1
8.1 8.1 8.1 75 3.9 0 0 0 8.1 7.9 7.9 1030.8 0 0 0.007 0 26.3 34 9.2 25.5 6.66 1.1864 7.8 23 1 100 1
8.1 8.1 8.1 75 3.9 0 0 0 8.1 7.9 7.9 1030.9 0 0 0.007 0 26.3 34 9.2 25.5 6.66 1.1865 7.8 24 1 100 1
8.1 8.1 8.1 75 3.9 0 0 0 8.1 7.9 7.9 1030.9 0 0 0.007 0 26.3 34 9.2 25.5 6.66 1.1865 7.8 23 1 100 1
8.1 8.1 8.1 75 3.9 0 0 0 8.1 7.9 7.9 1030.8 0 0 0.007 0 26.3 34 9.2 25.5 6.66 1.1864 7.8 22 1 95.7 1
8.1 8.1 8.1 75 3.9 1.6 0.03 4.8 8.1 7.9 7.9 1030.8 0 0 0.007 0 26.3 34 9.2 25.5 6.66 1.1864 7.8 23 1 100 1
8.1 8.1 8.1 75 3.9 3.2 0.05 4.8 8.1 7.9 7.9 1030.8 0 0 0.007 0 26.3 34 9.2 25.5 6.66 1.1864 7.8 23 1 100 1
8.1 8.1 8.1 75 3.9 1.6 0.03 4.8 8.1 7.9 7.9 1030.8 0 0 0.007 0 26.3 34 9.2 25.5 6.66 1.1864 7.8 24 1 100 1
8.1 8.1 8.1 75 3.9 3.2 0.05 3.2 8.1 7.9 7.9 1030.8 0 0 0.007 0 26.3 34 9.2 25.5 6.66 1.1864 7.8 22 1 95.7 1
8.1 8.1 8.1 75 3.9 1.6 0.03 3.2 8.1 7.9 7.9 1030.8 0 0 0.007 0 26.3 34 9.2 25.5 6.66 1.1864 7.8 23 1 100 1
8.1 8.1 8.1 75 3.9 1.6 0.03 3.2 8.1 7.9 7.9 1030.8 0 0 0.007 0 26.3 34 9.2 25.5 6.66 1.1864 7.8 24 1 100 1
8.1 8.1 8.1 75 3.9 3.2 0.05 4.8 8.1 7.9 7.9 1030.8 0 0 0.007 0 26.3 35 9.6 25.6 6.86 1.186 7.8 23 1 100 1
8.1 8.1 8.1 75 3.9 1.6 0.03 3.2 8.1 7.9 7.9 1030.8 0 0 0.007 0 26.3 35 9.6 25.6 6.86 1.186 7.8 23 1 100 1
8.1 8.1 8.1 75 3.9 0 0 0 8.1 7.9 7.9 1030.9 0 0 0.007 0 26.3 35 9.6 25.6 6.86 1.1861 7.8 23 1 100 1
8.1 8.1 8.1 75 3.9 0 0 0 8.1 7.9 7.9 1030.9 0 0 0.007 0 26.3 34 9.2 25.5 6.66 1.1865 7.8 23 1 100 1
8.1 8.1 8.1 75 3.9 0 0 0 8.1 7.9 7.9 1030.9 0 0 0.007 0 26.3 34 9.2 25.5 6.66 1.1865 7.8 24 1 100 1
8.1 8.1 8.1 75 3.9 0 0 0 8.1 7.9 7.9 1030.9 0 0 0.007 0 26.3 34 9.2 25.5 6.66 1.1865 7.8 23 1 100 1
8.1 8.1 8.1 75 3.9 1.6 0.03 3.2 8.1 7.9 7.9 1030.9 0 0 0.007 0 26.3 34 9.2 25.5 6.66 1.1865 7.8 24 1 100 1
8.1 8.1 8.1 75 3.9 0 0 0 8.1 7.9 7.9 1030.8 0 0 0.007 0 26.3 34 9.2 25.5 6.66 1.1864 7.8 23 1 100 1
8.1 8.1 8.1 76 4.1 0 0 3.2 8.1 7.9 7.9 1030.8 0 0 0.007 0 26.4 34 9.3 25.6 6.66 1.1859 7.8 24 1 100 1
8.1 8.1 8.1 76 4.1 0 0 0 8.1 7.9 7.9 1030.9 0 0 0.007 0 26.4 34 9.3 25.6 6.66 1.1859 7.8 23 1 100 1
8.1 8.1 8.1 75 3.9 0 0 0 8.1 7.9 7.9 1030.9 0 0 0.007 0 26.4 34 9.3 25.6 6.66 1.1859 7.8 23 1 100 1
8.1 8.1 8 76 4.1 0 0 0 8.1 7.9 7.9 1030.8 0 0 0.007 0 26.4 34 9.3 25.6 6.66 1.1859 7.8 24 1 100 1
8 8.1 8 76 4 0 0 0 8 7.8 7.8 1030.8 0 0 0.007 0 26.4 34 9.3 25.6 6.66 1.1859 7.8 22 1 95.7 1
8 8.1 8 76 4 0 0 0 8 7.8 7.8 1030.9 0 0 0.007 0 26.4 34 9.3 25.6 6.66 1.1859 7.8 24 1 100 1
8 8 8 76 4 0 0 0 8 7.8 7.8 1030.9 0 0 0.007 0 26.4 34 9.3 25.6 6.66 1.1859 7.8 21 1 91.3 1
8 8 8 76 4 0 0 0 8 7.8 7.8 1030.9 0 0 0.007 0 26.4 34 9.3 25.6 6.66 1.186 7.2 22 1 95.7 1
8 8 8 76 4 0 0 0 8 7.8 7.8 1030.9 0 0 0.007 0 26.4 34 9.3 25.6 6.66 1.1859 7.2 24 1 100 1
8 8 8 76 4 0 0 0 8 7.8 7.8 1030.9 0 0 0.007 0 26.4 34 9.3 25.6 6.66 1.186 7.2 23 1 100 1
8 8 8 76 4 0 0 0 8 7.8 7.8 1030.9 0 0 0.007 0 26.4 34 9.3 25.6 6.66 1.186 7.2 23 1 100 1
8 8 8 76 4 0 0 0 8 7.8 7.8 1030.9 0 0 0.007 0 26.4 34 9.3 25.6 6.66 1.1859 7.2 22 1 95.7 1
7.9 8 7.9 76 4 0 0 0 7.9 7.8 7.8 1030.9 0 0 0.007 0 26.4 34 9.3 25.6 6.66 1.186 7.2 24 1 100 1
7.9 7.9 7.9 76 4 0 0 0 7.9 7.8 7.8 1030.9 0 0 0.007 0 26.4 34 9.3 25.6 6.66 1.1859 7.2 23 1 100 1
7.9 7.9 7.9 76 4 0 0 3.2 7.9 7.8 7.8 1030.9 0 0 0.007 0 26.4 34 9.3 25.6 6.66 1.186 7.2 22 1 95.7 1
7.9 7.9 7.9 76 4 1.6 0.03 4.8 7.9 7.8 7.8 1030.9 0 0 0.007 0 26.4 34 9.3 25.6 6.66 1.1859 7.2 23 1 100 1
7.9 7.9 7.9 76 4 0 0 0 7.9 7.8 7.8 1030.9 0 0 0.007 0 26.4 34 9.3 25.6 6.66 1.1859 7.2 23 1 100 1
7.9 7.9 7.9 76 4 0 0 0 7.9 7.8 7.8 1030.9 0 0 0.007 0 26.4 34 9.3 25.6 6.66 1.1859 7.2 23 1 100 1
7.9 7.9 7.9 76 3.9 0 0 0 7.9 7.7 7.7 1030.9 0 0 0.007 0 26.4 34 9.3 25.6 6.66 1.186 7.2 23 1 100 1
7.9 7.9 7.9 76 3.9 3.2 0.05 4.8 7.9 7.7 7.7 1030.9 0 0 0.007 0 26.4 34 9.3 25.6 6.66 1.186 7.2 22 1 95.7 1
7.9 7.9 7.9 76 3.9 3.2 0.05 6.4 7.9 7.7 7.7 1030.9 0 0 0.007 0 26.4 34 9.3 25.6 6.66 1.186 7.8 24 1 100 1
7.9 7.9 7.9 76 3.9 3.2 0.05 3.2 7.9 7.7 7.7 1030.9 0 0 0.007 0 26.4 34 9.3 25.6 6.66 1.186 7.8 22 1 95.7 1
7.9 7.9 7.9 76 3.9 3.2 0.05 4.8 7.9 7.7 7.7 1030.9 0 0 0.007 0 26.4 34 9.3 25.6 6.66 1.186 7.8 23 1 100 1
7.9 7.9 7.9 76 3.9 1.6 0.03 3.2 7.9 7.7 7.7 1030.9 0 0 0.007 0 26.4 34 9.3 25.6 6.66 1.186 7.8 22 1 95.7 1
7.9 7.9 7.9 76 3.9 0 0 0 7.9 7.7 7.7 1030.9 0 0 0.007 0 26.4 34 9.3 25.6 6.66 1.1859 7.8 24 1 100 1
7.9 7.9 7.9 76 4 0 0 0 7.9 7.8 7.8 1030.9 0 0 0.007 0 26.4 34 9.3 25.6 6.66 1.186 7.8 23 1 100 1
7.9 7.9 7.9 76 4 0 0 0 7.9 7.8 7.8 1030.9 0 0 0.007 0 26.4 34 9.3 25.6 6.66 1.186 7.2 23 1 100 1
7.9 7.9 7.9 76 4 0 0 0 7.9 7.8 7.8 1030.9 0 0 0.007 0 26.4 34 9.3 25.6 6.66 1.186 7.2 24 1 100 1
7.9 7.9 7.9 76 3.9 0 0 0 7.9 7.7 7.7 1030.9 0 0 0.007 0 26.4 34 9.3 25.6 6.66 1.186 7.2 22 1 95.7 1
7.9 7.9 7.9 76 4 0 0 0 7.9 7.8 7.8 1030.9 0 0 0.007 0 26.3 34 9.2 25.5 6.66 1.1865 7.2 23 1 100 1
7.9 7.9 7.9 76 4 0 0 0 7.9 7.8 7.8 1031 0 0 0.007 0 26.3 34 9.2 25.5 6.66 1.1866 7.2 23 1 100 1
7.9 7.9 7.9 76 4 0 0 0 7.9 7.8 7.8 1031 0 0 0.007 0 26.3 34 9.2 25.5 6.66 1.1866 7.2 23 1 100 1
7.9 7.9 7.9 76 4 0 0 0 7.9 7.8 7.8 1031 0 0 0.007 0 26.3 34 9.2 25.5 6.66 1.1866 7.2 24 1 100 1
7.9 7.9 7.9 76 4 0 0 0 7.9 7.8 7.8 1030.9 0 0 0.007 0 26.3 34 9.2 25.5 6.66 1.1865 7.2 22 1 95.7 1
7.9 7.9 7.9 76 4 0 0 0 7.9 7.8 7.8 1030.9 0 0 0.007 0 26.3 34 9.2 25.5 6.66 1.1865 7.2 24 1 100 1
7.9 7.9 7.9 76 3.9 0 0 0 7.9 7.7 7.7 1030.9 0 0 0.007 0 26.3 34 9.2 25.5 6.66 1.1865 7.2 21 1 91.3 1
7.9 7.9 7.9 76 4 0 0 0 7.9 7.8 7.8 1030.9 0 0 0.007 0 26.3 34 9.2 25.5 6.66 1.1865 7.2 23 1 100 1
7.9 7.9 7.9 76 3.9 0 0 0 7.9 7.7 7.7 1030.9 0 0 0.007 0 26.3 34 9.2 25.5 6.66 1.1865 7.2 23 1 100 1
7.9 7.9 7.9 76 3.9 0 0 0 7.9 7.7 7.7 1030.9 0 0 0.007 0 26.3 34 9.2 25.5 6.66 1.1865 7.2 23 1 100 1
7.9 7.9 7.9 76 3.9 0 0 0 7.9 7.7 7.7 1030.9 0 0 0.007 0 26.3 34 9.2 25.5 6.66 1.1865 7.2 23 1 100 1
7.9 7.9 7.9 76 3.9 0 0 0 7.9 7.7 7.7 1030.9 0 0 0.007 0 26.3 34 9.2 25.5 6.66 1.1865 7.2 23 1 100 1
7.9 7.9 7.9 76 3.9 0 0 0 7.9 7.7 7.7 1030.9 0 0 0.007 0 26.3 34 9.2 25.5 6.66 1.1865 7.2 23 1 100 1
7.9 7.9 7.9 76 3.9 0 0 0 7.9 7.7 7.7 1030.9 0 0 0.007 0 26.3 34 9.2 25.5 6.66 1.1865 7.2 22 1 95.7 1
7.9 7.9 7.9 76 3.9 0 0 0 7.9 7.7 7.7 1030.9 0 0 0.007 0 26.3 34 9.2 25.5 6.66 1.1865 7.2 22 1 95.7 1
7.9 7.9 7.9 76 3.9 0 0 0 7.9 7.7 7.7 1030.9 0 0 0.007 0 26.3 34 9.2 25.5 6.66 1.1865 7.2 23 1 100 1
7.9 7.9 7.9 76 3.9 3.2 0.05 4.8 7.9 7.7 7.7 1031 0 0 0.007 0 26.3 34 9.2 25.5 6.66 1.1866 7.2 23 1 100 1
7.9 7.9 7.9 76 4 0 0 3.2 7.9 7.8 7.8 1031.1 0 0 0.007 0 26.3 34 9.2 25.5 6.66 1.1867 7.2 23 1 100 1
7.9 7.9 7.9 76 4 1.6 0.03 3.2 7.9 7.8 7.8 1031 0 0 0.007 0 26.3 34 9.2 25.5 6.66 1.1867 7.2 22 1 95.7 1
7.9 7.9 7.9 76 4 3.2 0.05 6.4 7.9 7.8 7.8 1031.1 0 0 0.007 0 26.3 34 9.2 25.5 6.66 1.1867 7.2 22 1 95.7 1
7.9 7.9 7.9 76 4 3.2 0.05 4.8 7.9 7.8 7.8 1031 0 0 0.007 0 26.3 34 9.2 25.5 6.66 1.1866 7.2 24 1 100 1
7.9 7.9 7.9 76 4 1.6 0.03 3.2 7.9 7.8 7.8 1031.1 0 0 0.007 0 26.3 34 9.2 25.5 6.66 1.1867 7.2 22 1 95.7 1
7.9 7.9 7.9 76 4 3.2 0.05 6.4 7.9 7.8 7.8 1031 0 0 0.007 0 26.3 34 9.2 25.5 6.66 1.1867 7.2 23 1 100 1
7.9 7.9 7.9 76 4 3.2 0.05 4.8 7.9 7.8 7.8 1031 0 0 0.007 0 26.3 34 9.2 25.5 6.66 1.1867 7.2 21 1 91.3 1
7.9 7.9 7.9 76 4 1.6 0.03 3.2 7.9 7.8 7.8 1031 0 0 0.007 0 26.3 34 9.2 25.5 6.66 1.1866 7.8 23 1 100 1
7.9 7.9 7.9 76 4 0 0 0 7.9 7.8 7.8 1031 0 0 0.007 0 26.3 34 9.2 25.5 6.66 1.1866 7.2 23 1 100 1
7.9 7.9 7.9 76 4 1.6 0.03 3.2 7.9 7.8 7.8 1031.1 0 0 0.007 0 26.3 34 9.2 25.5 6.66 1.1867 7.2 22 1 95.7 1
7.9 7.9 7.9 76 4 1.6 0.03 3.2 7.9 7.8 7.8 1031 0 0 0.007 0 26.3 34 9.2 25.5 6.66 1.1867 7.2 24 1 100 1
7.9 7.9 7.9 76 4 0 0 3.2 7.9 7.8 7.8 1031 0 0 0.007 0 26.3 34 9.2 25.5 6.66 1.1867 7.2 22 1 95.7 1
7.9 7.9 7.9 76 4 3.2 0.05 4.8 7.9 7.8 7.8 1031 0 0 0.007 0 26.3 34 9.2 25.5 6.66 1.1867 7.8 24 1 100 1
7.9 7.9 7.9 76 4 3.2 0.05 4.8 7.9 7.8 7.8 1031 0 0 0.007 0 26.3 34 9.2 25.5 6.66 1.1866 7.8 22 1 95.7 1
7.9 7.9 7.9 76 4 1.6 0.03 3.2 7.9 7.8 7.8 1031 0 0 0.007 0 26.3 34 9.2 25.5 6.66 1.1867 7.8 23 1 100 1
7.9 7.9 7.9 76 4 1.6 0.03 4.8 7.9 7.8 7.8 1031 0 0 0.007 0 26.3 34 9.2 25.5 6.66 1.1867 7.8 23 1 100 1
7.9 7.9 7.9 76 4 0 0 0 7.9 7.8 7.8 1031.1 0 0 0.007 0 26.3 34 9.2 25.5 6.66 1.1867 7.2 23 1 100 1
7.9 7.9 7.9 76 4 0 0 0 7.9 7.8 7.8 1031.1 0 0 0.007 0 26.3 34 9.2 25.5 6.66 1.1867 7.2 23 1 100 1
7.9 7.9 7.9 76 4 0 0 0 7.9 7.8 7.8 1031.1 0 0 0.007 0 26.3 34 9.2 25.5 6.66 1.1867 7.2 22 1 95.7 1
7.9 7.9 7.9 76 4 0 0 0 7.9 7.8 7.8 1031.1 0 0 0.007 0 26.3 34 9.2 25.5 6.66 1.1867 7.2 23 1 100 1
7.9 7.9 7.9 76 4 0 0 0 7.9 7.8 7.8 1031.1 0 0 0.007 0 26.3 34 9.2 25.5 6.66 1.1867 7.2 22 1 95.7 1
7.9 7.9 7.9 76 4 0 0 1.6 7.9 7.8 7.8 1031 0 0 0.007 0 26.3 34 9.2 25.5 6.66 1.1867 7.2 23 1 100 1
7.9 7.9 7.9 76 3.9 0 0 0 7.9 7.7 7.7 1031.1 0 0 0.007 0 26.3 34 9.2 25.5 6.66 1.1867 7.2 22 1 95.7 1
7.9 7.9 7.9 76 3.9 3.2 0.05 4.8 7.9 7.7 7.7 1031 0 0 0.007 0 26.3 34 9.2 25.5 6.66 1.1867 7.2 22 1 95.7 1
7.9 7.9 7.9 76 3.9 1.6 0.03 4.8 7.9 7.7 7.7 1031 0 0 0.007 0 26.3 34 9.2 25.5 6.66 1.1867 7.2 23 1 100 1
